0.896930 -0.116701 -1.078061
0.736314 -0.076033 1.066762
-1.052088 -0.064600 0.954513
-0.692441 -0.114299 -0.835835
1.303753 1.083753 -1.023542
0.444005 1.032712 1.513821
-1.019775 1.174950 1.105961
-0.681862 1.180458 -1.481573
1.045407 -0.157597 -0.147996
0.067265 -0.072713 -0.783522
1.200361 0.538245 -1.221685
-0.154563 -0.114500 1.228987
1.155268 0.478039 1.381585
-1.094633 -0.254018 -0.118459
-1.648060 0.452009 0.853586
-1.185727 0.481559 -1.133555
0.975431 1.246559 0.047895
0.105258 1.126820 -1.585067
-0.344848 1.152380 1.730000
-1.177093 1.303243 0.009798
-0.015789 -0.312706 -0.060242
0.046107 1.351565 -0.253730
1.175182 0.692469 0.169032
0.260077 0.452640 1.365451
-1.648881 0.429819 -0.064031
-0.199824 0.336820 -1.536424
1.008866 -0.126459 0.470257
-0.321458 -0.060305 -0.702046
1.385825 0.807576 -1.181814
-0.537873 -0.057997 1.154378
0.936321 0.677546 1.426494
-0.862364 -0.219203 -0.537108
-1.281588 0.883991 1.218077
-0.974527 0.926074 -1.431442
0.808457 1.346412 0.902078
-0.174992 1.147173 -1.801163
-0.610285 1.147948 1.327881
-1.356023 1.245036 -0.716849
1.042022 -0.190494 -0.637866
0.468949 -0.142859 -1.026806
1.081272 0.175115 -1.287556
0.243586 -0.141476 1.191072
1.014587 0.183491 1.312948
-1.155731 -0.217847 0.459469
-1.571341 0.110279 0.770709
-1.063276 0.074521 -1.015607
1.231954 1.216866 -0.594471
0.770454 1.122192 -1.299703
-0.065279 1.102928 1.796044
-1.176430 1.281231 0.646380
-0.476225 -0.274043 -0.037390
0.480423 -0.312115 -0.111060
0.172793 -0.188473 -0.532460
-0.106274 -0.274351 0.595963
-0.198010 1.360380 0.630818
0.062998 1.276304 -0.994314
0.611501 1.352344 -0.290780
-0.603343 1.343584 -0.011276
1.267461 0.630730 1.008356
1.267107 0.600208 -0.689727
1.268899 0.241091 -0.063884
1.050912 1.068503 0.197512
-1.043570 0.402928 1.289593
0.667029 0.439932 1.448684
-0.135120 0.156677 1.505020
-0.066870 0.652060 1.602193
-1.759897 0.319614 -0.724614
-1.646483 0.462612 0.459024
-1.548443 -0.153801 -0.255587
-1.483055 1.068517 0.045330
-0.775458 0.497559 -1.402503
0.556317 0.449266 -1.496503
0.153226 0.839249 -1.832230
-0.180515 0.060946 -1.233899
-0.630920 -0.226328 0.592326
-0.677921 1.329703 0.698183
1.115930 1.067893 0.980967
-0.944509 0.743625 1.392342
-1.719440 0.916506 -0.699776
-0.751048 0.149059 -1.123006
-0.359688 -0.219676 -0.596748
0.548058 -0.284113 -0.657622
0.383454 -0.298149 0.533170
0.342781 1.370886 0.863692
0.801564 1.333314 -0.716665
-0.544178 1.290048 -0.889409
1.347667 0.189763 0.746821
1.323792 0.127379 -0.856060
1.423543 0.897206 -0.707035
-0.706694 0.190636 1.346937
0.494274 0.153436 1.399456
0.524189 0.691410 1.410453
-1.346437 -0.078697 -0.808084
-1.550380 0.033513 0.487642
-1.434319 1.017100 0.746778
-0.263198 0.916780 -1.716774
0.802037 0.850318 -1.528586
0.512712 0.114694 -1.198383
