1 2 3
2 1 4
2 4 5
2 5 6
7 8 9
10 11 12
12 11 13
13 11 14
13 14 15
16 17 18
18 17 19
17 20 19
20 17 21
22 23 24
24 25 26
24 23 25
23 27 25
25 27 28
25 28 29
25 29 30
31 32 33
34 35 36
36 35 37
35 38 37
37 38 39
37 39 40
37 40 41
37 41 42
43 44 45
46 47 48
49 50 51
50 52 53
51 50 53
51 53 54
54 53 55
56 57 58
58 57 59
58 59 60
60 59 61
62 63 64
65 66 67
68 63 69
69 63 70
71 72 73
74 75 76
75 74 77
75 77 78
75 78 79
80 81 82
83 84 85
85 84 86
87 88 89
89 88 90
91 92 93
92 94 93
95 96 97
98 99 100
100 99 101
102 103 104
104 103 105
105 103 106
106 103 107
108 109 110
109 108 111
109 111 112
112 111 113
114 115 116
116 115 117
118 119 120
119 118 121
119 121 122
122 121 123
124 125 126
126 125 127
128 129 130
129 128 131
129 131 132
132 131 133
134 135 136
136 135 137
138 139 140
140 141 142
140 142 143
144 145 146
147 148 149
150 151 152
152 151 153
154 155 156
156 155 157
158 159 160
160 159 161
162 163 164
163 162 165
163 165 166
163 166 167
167 166 168
169 170 171
171 170 172
171 172 173
174 175 176
176 175 177
178 179 180
180 179 181
182 183 184
184 183 185
186 187 188
188 187 189
190 191 192
192 191 193
194 195 196
197 198 199
200 201 202
203 204 205
205 204 206
205 206 207
205 207 208
209 210 211
211 210 212
213 214 215
215 216 217
218 219 220
219 218 221
218 222 223
218 223 224
225 226 227
228 229 230
230 229 231
232 233 234
234 233 235
236 237 238
238 237 239
240 241 242
243 244 245
245 244 246
247 248 249
249 248 250
251 252 253
253 252 254
255 256 257
256 258 259
258 256 260
261 262 263
264 265 266
267 268 269
266 268 267
268 266 265
268 265 270
270 271 272
270 272 268
268 272 273
273 272 274
274 272 275
276 277 278
277 276 279
277 279 280
281 282 283
283 282 284
285 286 287
288 289 290
290 289 291
292 293 294
294 293 295
296 297 298
298 297 299
300 301 302
302 301 303
304 305 306
306 305 307
308 309 310
311 312 313
313 312 314
315 316 317
317 316 318
319 320 321
321 320 322
323 324 325
325 324 326
327 328 329
329 328 330
331 332 333
334 335 336
337 338 339
340 341 342
342 341 343
344 345 346
347 348 349
349 348 350
351 352 353
353 352 354
355 356 357
357 356 358
359 360 361
361 360 362
363 364 365
365 364 366
367 368 369
369 368 370
371 372 373
373 372 374
375 376 377
377 376 378
379 380 381
381 380 382
383 384 385
386 387 388
388 387 389
390 391 392
393 394 395
394 393 396
394 396 397
398 399 400
401 402 389
401 389 403
403 389 404
404 389 387
404 387 405
406 407 408
407 406 409
409 406 410
409 410 411
412 413 414
414 413 415
416 417 418
418 417 419
420 421 422
422 421 423
424 425 426
427 428 429
430 425 431
431 425 432
425 433 432
434 435 436
436 435 437
438 439 440
440 439 441
442 443 444
443 445 446
445 443 447
448 449 450
450 449 451
452 453 454
454 453 455
456 457 458
457 459 458
459 457 460
459 460 461
462 463 464
464 463 465
466 467 468
467 469 470
468 471 472
471 468 467
471 467 470
471 470 473
471 473 474
475 476 477
478 479 480
481 482 483
483 484 485
482 486 487
482 487 483
487 484 483
484 487 488
488 487 489
488 489 490
491 492 493
492 491 494
492 494 495
495 494 496
497 498 499
500 501 502
503 504 505
506 507 499
508 509 510
509 508 511
511 508 512
513 514 515
516 517 518
518 517 519
520 521 522
522 521 523
524 525 526
526 525 527
528 529 530
531 532 533
533 532 534
535 536 537
537 536 538
539 540 541
541 540 542
543 544 545
546 547 548
549 550 551
552 553 545
554 555 556
556 555 557
555 558 557
559 560 561
562 563 564
563 562 565
563 565 566
567 568 569
557 558 570
557 570 571
557 572 573
557 571 572
574 575 576
576 575 577
577 575 578
577 578 579
580 581 582
582 581 583
584 585 586
586 585 587
588 589 590
590 589 591
592 593 594
594 593 595
596 597 598
599 600 601
600 599 602
602 599 603
604 605 606
606 605 607
605 608 607
607 608 609
607 609 610
607 610 611
612 613 614
615 616 617
617 616 618
619 620 621
622 623 624
624 623 625
626 627 628
627 626 629
627 629 630
631 632 633
634 635 636
635 634 637
635 637 638
639 640 641
642 643 627
642 627 644
644 627 645
627 630 645
646 647 648
647 646 649
649 646 650
650 646 651
651 652 653
646 652 651
652 646 654
654 646 655
656 657 658
658 657 659
660 661 662
662 661 663
664 665 666
666 665 667
668 669 670
670 669 671
672 673 674
675 676 677
677 676 678
679 680 681
681 680 682
683 684 685
685 684 686
687 688 689
689 688 690
690 688 691
691 688 692
693 694 695
695 694 696
695 696 697
697 696 698
699 700 701
702 703 704
704 703 705
704 705 706
706 705 707
708 709 710
710 709 711
712 713 714
714 713 715
716 717 718
717 716 719
717 719 720
720 719 721
722 723 724
724 723 725
726 727 728
727 726 729
727 729 730
731 732 733
733 732 734
735 736 737
738 739 740
740 739 741
740 741 742
742 741 743
744 745 746
747 748 749
749 748 750
750 748 751
751 748 752
753 754 755
756 757 758
758 757 759
760 761 762
762 761 763
764 765 766
766 765 767
768 769 770
771 772 773
774 775 776
775 774 777
775 777 769
775 769 778
779 780 781
780 779 782
782 779 783
784 785 786
786 785 787
788 789 790
790 789 791
792 793 794
794 793 795
796 797 798
798 797 799
800 801 802
802 801 803
804 805 806
807 808 809
809 808 810
811 812 813
813 812 814
815 816 817
817 816 818
819 820 821
822 823 824
824 823 825
826 827 828
828 827 829
830 831 832
833 834 835
835 834 836
837 838 839
840 841 842
843 844 845
844 846 847
848 841 849
849 841 850
851 852 853
853 852 854
855 856 857
857 856 858
859 860 861
862 863 864
864 863 865
866 867 868
868 867 869
870 871 872
872 871 873
874 875 876
876 875 877
878 879 880
881 882 883
884 879 885
885 879 886
887 888 889
887 890 891
887 891 888
891 892 888
888 892 893
888 893 894
895 896 897
896 895 898
898 895 899
900 901 902
902 901 903
902 903 904
905 906 907
907 906 908
906 909 908
908 909 910
908 910 911
908 911 912
913 914 915
916 917 918
918 917 919
920 921 922
923 924 925
925 924 926
927 928 929
929 928 930
931 932 933
933 932 934
935 936 937
937 936 938
939 940 941
941 940 942
943 944 945
944 946 945
947 948 949
949 948 950
951 952 953
953 952 954
955 956 957
958 959 960
960 959 961
962 963 964
962 964 965
964 966 967
964 967 968
969 965 970
970 971 972
973 974 975
973 975 976
975 977 978
975 978 979
980 976 981
981 982 983
984 985 986
984 986 987
986 988 989
986 989 990
991 987 992
992 993 994
995 996 997
997 996 998
999 1000 1001
1001 1000 1002
1003 1004 1005
1006 1007 1008
1007 1006 1009
1009 1006 1010
1011 1012 1013
1012 1011 1014
1014 1011 1015
1016 1017 1018
1017 1016 1019
1019 1016 1020
1021 1022 1023
1023 1022 1024
1025 1026 1027
1027 1026 1028
1029 1030 1031
1031 1030 1032
1033 1034 1035
1036 1037 1038
1038 1039 1040
1038 1040 1041
1042 1043 1044
1045 1046 1047
1048 1049 1050
1050 1049 1051
1052 1053 1054
1054 1053 1055
1056 1057 1058
1058 1057 1059
1060 1061 1062
1063 1064 1065
1066 1067 1068
1069 1070 1062
1071 1072 1073
1074 1075 1076
1077 1072 1078
1078 1072 1079
1080 1081 1082
1082 1081 1083
1084 1085 1086
1086 1085 1087
1088 1089 1090
1090 1089 1091
1092 1093 1094
1094 1093 1095
1096 1097 1098
1098 1097 1099
1100 1101 1102
1102 1101 1103
1104 1105 1106
1106 1105 1107
1108 1109 1110
1110 1109 1111
1112 1113 1114
1114 1113 1115
1116 1117 1118
1118 1117 1119
1120 1121 1122
1122 1121 1123
1124 1125 1126
1126 1125 1127
1128 1129 1130
1131 1132 1133
1132 1131 1134
1134 1131 1135
1135 1131 1136
1131 1137 1136
1137 1131 1138
1138 1131 1139
1139 1131 1140
1141 1142 1143
1143 1142 1144
1145 1146 1147
1147 1146 1148
1149 1150 1151
1152 1153 1154
1155 1156 1157
1158 1159 1151
1160 1161 1162
1163 1164 1165
1165 1164 1166
1164 1167 1166
1166 1167 1168
1166 1168 1162
1169 1170 1171
1172 1173 1174
1175 1176 1177
1177 1176 1178
1177 1178 1179
1179 1178 1180
1181 1182 1183
1183 1182 1184
1185 1186 1187
1187 1186 1188
1189 1190 1191
1192 1193 1194
1194 1193 1195
1194 1195 1196
1196 1195 1197
1198 1199 1200
1200 1199 1201
1202 1203 1204
1204 1203 1205
1206 1207 1208
1208 1207 1209
1210 1211 1212
1212 1211 1213
1214 1215 1216
1217 1218 1219
1219 1218 1220
1221 1222 1223
1223 1222 1224
1225 1226 1227
1227 1226 1228
1229 1230 1231
1231 1230 1232
1233 1234 1235
1235 1234 1236
1237 1238 1239
1239 1238 1240
1241 1242 1243
1243 1242 1244
1245 1246 1247
1247 1246 1248
1249 1250 1251
1252 1253 1254
1253 1252 1255
1253 1255 1256
1253 1256 1257
1253 1257 1251
1258 1259 1260
1261 1262 1263
1263 1262 1264
1265 1266 1267
1267 1266 1268
1269 1270 1271
1270 1269 1272
1270 1272 1273
1274 1275 1276
1276 1275 1277
1276 1277 1278
1279 1280 1281
1281 1282 1283
1281 1280 1282
1280 1284 1282
1282 1284 1285
1282 1285 1286
1282 1286 1287
1288 1289 1290
1291 1292 1293
1293 1294 1295
1293 1292 1294
1292 1296 1294
1294 1296 1297
1294 1297 1298
1294 1298 1299
1300 1301 1302
1303 1304 1305
1305 1304 1306
1305 1306 1307
1308 1309 1310
1309 1308 1311
1311 1308 1312
1313 1314 1315
1316 1317 1318
1317 1316 1319
1317 1319 1320
1317 1320 1321
1322 1323 1324
1325 1326 1327
1326 1325 1328
1326 1328 1329
1330 1331 1332
1332 1331 1333
1334 1335 1336
1337 1338 1339
1340 1341 1342
1341 1340 1338
1341 1338 1337
1343 1344 1345
1346 1347 1348
1347 1346 1349
1349 1346 1350
1351 1352 1353
1353 1352 1354
1352 1355 1354
1356 1357 1358
1357 1356 1359
1359 1356 1360
1361 1362 1363
1363 1362 1364
1362 1365 1364
1366 1367 1368
1368 1367 1369
1370 1371 1372
1373 1374 1375
1376 1377 1378
1379 1380 1381
1381 1380 1382
1380 1383 1382
1382 1383 1384
1385 1386 1387
1388 1389 1390
1389 1388 1391
1391 1388 1392
1393 1394 1395
1395 1394 1396
1395 1396 1397
1398 1399 1400
1399 1398 1401
1399 1401 1402
1403 1404 1405
1406 1407 1408
1407 1406 1409
1407 1409 1410
1411 1412 1413
1414 1415 1399
1414 1399 1416
1416 1399 1417
1399 1402 1417
1418 1419 1420
1419 1418 1421
1419 1421 1422
1423 1424 1425
1426 1427 1428
1427 1426 1429
1426 1430 1429
1431 1432 1433
1434 1435 1419
1434 1419 1436
1436 1419 1437
1419 1422 1437
1438 1439 1440
1439 1438 1441
1439 1441 1442
1443 1444 1445
1446 1447 1448
1447 1446 1449
1447 1449 1450
1451 1452 1453
1454 1455 1439
1454 1439 1456
1456 1439 1457
1439 1442 1457
1458 1459 1460
1461 1462 1463
1462 1461 1459
1462 1459 1458
1464 1465 1466
1467 1468 1469
1468 1467 1470
1470 1467 1471
1472 1473 1474
1474 1473 1475
1473 1476 1475
1477 1478 1479
1479 1478 1480
1480 1478 1481
1482 1483 1484
1485 1486 1487
1487 1486 1488
1487 1488 1489
1490 1491 1492
1493 1478 1494
1493 1495 1496
1493 1496 1478
1478 1496 1481
1497 1498 1499
1498 1497 1500
1500 1497 1501
1502 1503 1504
1504 1503 1505
1504 1505 1506
1507 1508 1509
1508 1507 1510
1510 1507 1511
1512 1513 1514
1514 1513 1515
1514 1515 1516
1517 1518 1519
1518 1517 1520
1520 1517 1521
1522 1523 1524
1524 1523 1525
1524 1525 1526
1527 1528 1529
1529 1530 1531
1529 1528 1530
1528 1532 1530
1530 1532 1533
1530 1533 1534
1530 1534 1535
1536 1537 1538
1539 1540 1541
1541 1542 1543
1541 1540 1542
1540 1544 1542
1542 1544 1545
1542 1545 1546
1546 1545 1547
1548 1549 1550
1551 1552 1553
1554 1555 1556
1555 1557 1558
1557 1555 1559
1560 1561 1562
1563 1564 1565
1564 1563 1566
1566 1563 1567
1568 1569 1570
1570 1569 1571
1570 1571 1572
1573 1574 1575
1576 1577 1578
1579 1574 1580
1580 1574 1581
1582 1583 1584
1584 1583 1585
1583 1586 1585
1585 1586 1587
1588 1589 1590
1591 1592 1593
1592 1591 1594
1592 1594 1595
1592 1595 1596
1597 1598 1599
1599 1598 1600
1599 1600 1601
1599 1601 1602
1603 1604 1605
1606 1607 1608
1607 1606 1609
1607 1609 1610
1607 1610 1611
1612 1613 1614
1615 1616 1617
1618 1619 1620
1620 1619 1621
1619 1622 1621
1621 1622 1623
1624 1625 1626
1627 1628 1629
1630 1631 1632
1631 1630 1633
1630 1634 1633
1634 1630 1635
1636 1637 1638
1638 1637 1639
1640 1641 1642
1641 1643 1644
1645 1646 1647
1646 1645 1648
1646 1649 1650
1649 1646 1651
1652 1653 1654
1653 1652 1655
1655 1652 1656
1657 1658 1659
1659 1658 1660
1661 1662 1663
1663 1662 1664
1665 1666 1667
1666 1665 1668
1666 1668 1669
1670 1671 1672
1673 1674 1675
1674 1673 1676
1674 1676 1677
1678 1679 1680
1681 1682 1666
1681 1666 1683
1683 1666 1684
1666 1669 1684
1685 1686 1687
1687 1686 1688
1686 1689 1688
1690 1691 1692
1693 1694 1695
1694 1693 1696
1694 1696 1697
1698 1699 1700
1701 1702 1688
1701 1688 1703
1703 1688 1704
1688 1689 1704
1705 1706 1707
1706 1705 1708
1708 1705 1709
1710 1711 1712
1712 1711 1713
1713 1711 1714
1713 1714 1715
1716 1717 1718
1718 1717 1719
1720 1721 1722
1722 1721 1723
1724 1725 1726
1725 1724 1727
1727 1724 1728
1729 1730 1731
1731 1730 1732
1731 1732 1733
1734 1735 1736
1735 1734 1737
1737 1734 1738
1739 1740 1741
1741 1740 1742
1742 1740 1743
1742 1743 1744
1745 1746 1747
1748 1749 1750
1750 1749 1751
1751 1749 1752
1752 1749 1753
1754 1755 1756
1756 1755 1757
1756 1757 1758
1759 1760 1761
1760 1759 1762
1759 1763 1762
1763 1759 1764
1765 1766 1767
1767 1766 1768
1769 1770 1771
1770 1769 1772
1770 1772 1773
1774 1775 1776
1777 1778 1779
1778 1777 1780
1778 1780 1781
1782 1783 1784
1785 1786 1770
1785 1770 1787
1787 1770 1788
1770 1773 1788
1789 1790 1791
1791 1790 1792
1792 1790 1793
1793 1790 1794
1795 1796 1797
1798 1799 1800
1799 1798 1801
1799 1801 1802
1802 1801 1803
1804 1805 1806
1806 1805 1807
1806 1807 1808
1806 1808 1809
1810 1811 1812
1811 1813 1814
1812 1811 1814
1812 1814 1815
1815 1814 1816
1816 1814 1817
1817 1814 1818
1819 1820 1821
1822 1823 1824
1824 1823 1825
1824 1825 1826
1826 1825 1827
1825 1828 1827
1828 1825 1829
1829 1825 1830
1831 1832 1833
1834 1835 1836
1837 1838 1839
1839 1840 1841
1839 1838 1840
1838 1842 1840
1840 1842 1843
1844 1845 1846
1846 1845 1847
1847 1845 1848
1847 1848 1849
1850 1851 1852
1853 1854 1855
1852 1856 1857
1852 1857 1858
1859 1860 1861
1862 1863 1864
1864 1863 1865
1863 1866 1865
1866 1863 1867
1868 1869 1870
1871 1872 1873
1873 1872 1874
1875 1876 1877
1877 1876 1878
1879 1880 1881
1881 1880 1882
1883 1884 1885
1886 1887 1888
1888 1887 1889
1890 1891 1892
1892 1891 1893
1892 1893 1894
1892 1894 1895
1896 1897 1898
1897 1896 1899
1899 1896 1900
1899 1900 1901
1902 1903 1904
1904 1903 1905
1906 1907 1908
1907 1906 1909
1909 1906 1910
1909 1910 1911
1912 1913 1914
1914 1913 1915
1916 1917 1918
1916 1918 1919
1919 1918 1920
1919 1920 1921
1922 1923 1924
1924 1923 1925
1926 1927 1928
1927 1929 1930
1929 1927 1931
1932 1933 1934
1935 1936 1937
1938 1939 1940
1940 1939 1941
1942 1943 1944
1944 1943 1945
1946 1947 1948
1948 1947 1949
1950 1951 1952
1950 1952 1953
1953 1952 1954
1952 1955 1954
1954 1955 1956
1957 1958 1959
1958 1960 1959
1960 1958 1961
1962 1963 1964
1964 1963 1965
1966 1967 1968
1968 1967 1969
1970 1971 1972
1972 1971 1973
1974 1975 1976
1976 1975 1977
1978 1979 1980
1980 1979 1981
1982 1983 1984
1985 1986 1987
1988 1989 1990
1991 1992 1993
1992 1991 1994
1991 1995 1994
1995 1991 1996
1997 1998 1999
1999 1998 2000
2001 2002 2003
2002 2004 2005
2006 2007 2008
2007 2006 2009
2007 2010 2011
2010 2007 2012
2013 2014 2015
2016 2017 2018
2018 2017 2019
2020 2021 2022
2022 2021 2023
2024 2025 2026
2026 2025 2027
2028 2029 2030
2031 2032 2033
2033 2032 2034
2035 2036 2037
2037 2036 2038
2039 2040 2041
2041 2040 2042
2043 2044 2045
2045 2046 2047
2045 2047 2048
2049 2050 2051
2052 2053 2054
2055 2056 2057
2056 2055 2053
2053 2055 2054
2054 2055 2058
2058 2059 2060
2058 2055 2059
2059 2055 2061
2059 2061 2062
2059 2062 2063
2064 2065 2066
2064 2066 2067
2067 2066 2068
2069 2070 2071
2071 2070 2072
2073 2074 2075
2076 2077 2078
2078 2077 2079
2080 2081 2082
2082 2081 2083
2084 2085 2086
2086 2085 2087
2088 2089 2090
2090 2089 2091
2092 2093 2094
2094 2093 2095
2096 2097 2098
2099 2100 2101
2101 2100 2102
2103 2104 2105
2105 2104 2106
2107 2108 2109
2109 2108 2110
2111 2112 2113
2113 2112 2114
2115 2116 2117
2117 2116 2118
2119 2120 2121
2122 2123 2124
2125 2126 2127
2128 2129 2130
2130 2129 2131
2132 2133 2134
2135 2136 2137
2137 2136 2138
2139 2140 2141
2141 2140 2142
2143 2144 2145
2145 2144 2146
2147 2148 2149
2149 2148 2150
2151 2152 2153
2153 2152 2154
2155 2156 2157
2157 2156 2158
2159 2160 2161
2161 2160 2162
2163 2164 2165
2165 2164 2166
2167 2168 2169
2169 2168 2170
2171 2172 2173
2174 2175 2176
2176 2175 2177
2178 2179 2180
2181 2182 2183
2182 2181 2184
2184 2181 2185
2186 2187 2188
2189 2177 2190
2177 2189 2191
2177 2191 2192
2177 2192 2176
2176 2192 2193
2194 2195 2196
2196 2195 2197
2196 2197 2198
2198 2197 2199
2200 2201 2202
2202 2201 2203
2204 2205 2206
2206 2205 2207
2208 2209 2210
2210 2209 2211
2212 2213 2214
2215 2216 2217
2214 2218 2219
2214 2219 2220
2214 2220 2221
2222 2223 2224
2224 2223 2225
2226 2227 2228
2228 2227 2229
2230 2231 2232
2232 2233 2234
2232 2234 2235
2236 2237 2238
2238 2237 2239
2240 2241 2242
2242 2241 2243
2244 2245 2246
2246 2245 2247
2246 2247 2248
2248 2247 2249
2250 2251 2252
2252 2251 2253
2254 2255 2256
2256 2257 2258
2255 2259 2260
2255 2260 2256
2256 2260 2257
2257 2260 2261
2261 2260 2262
2263 2264 2265
2266 2267 2268
2269 2270 2271
2270 2272 2273
2271 2274 2275
2274 2271 2270
2274 2270 2273
2274 2273 2276
2274 2276 2277
2277 2276 2278
2279 2280 2281
2280 2279 2282
2282 2279 2283
2282 2283 2284
2285 2286 2287
2288 2289 2290
2291 2292 2293
2294 2286 2295
2296 2297 2298
2296 2298 2299
2296 2299 2300
2301 2302 2303
2304 2305 2306
2306 2305 2307
2308 2309 2310
2310 2309 2311
2312 2313 2314
2314 2313 2315
2316 2317 2318
2319 2320 2321
2321 2320 2322
2323 2324 2325
2325 2324 2326
2327 2328 2329
2329 2328 2330
2331 2332 2333
2334 2335 2336
2337 2338 2339
2340 2332 2341
2342 2343 2344
2344 2343 2345
2344 2345 2346
2347 2348 2349
2350 2351 2352
2351 2350 2353
2353 2350 2354
2355 2356 2357
2346 2345 2358
2358 2345 2359
2345 2360 2361
2359 2345 2361
2362 2363 2364
2363 2362 2365
2363 2365 2366
2366 2365 2367
2368 2369 2370
2370 2369 2371
2372 2373 2374
2374 2373 2375
2376 2377 2378
2378 2377 2379
2380 2381 2382
2382 2381 2383
2384 2385 2386
2387 2388 2389
2387 2389 2390
2387 2390 2391
2392 2393 2394
2394 2393 2395
2394 2395 2396
2396 2395 2397
2395 2398 2397
2398 2395 2399
2400 2401 2402
2403 2404 2405
2405 2404 2406
2407 2408 2409
2410 2411 2412
2412 2411 2413
2414 2415 2416
2416 2415 2417
2417 2415 2418
2419 2420 2421
2422 2423 2424
2423 2422 2425
2425 2422 2426
2427 2428 2429
2430 2415 2431
2415 2430 2432
2415 2432 2433
2415 2433 2418
2434 2435 2436
2435 2434 2437
2435 2437 2438
2435 2438 2439
2439 2440 2441
2439 2441 2435
2435 2441 2442
2435 2442 2443
2444 2445 2446
2446 2445 2447
2448 2449 2450
2450 2449 2451
2452 2453 2454
2454 2453 2455
2456 2457 2458
2458 2457 2459
2460 2461 2462
2463 2464 2465
2465 2464 2466
2467 2468 2469
2469 2468 2470
2471 2472 2473
2473 2472 2474
2475 2476 2477
2476 2475 2478
2476 2478 2479
2476 2479 2480
2481 2482 2483
2483 2482 2484
2484 2482 2485
2484 2485 2486
2487 2488 2489
2490 2491 2492
2492 2491 2493
2491 2494 2493
2493 2494 2495
2496 2497 2498
2498 2497 2499
2500 2501 2502
2502 2501 2503
2504 2505 2506
2505 2504 2507
2507 2504 2508
2507 2508 2509
2510 2511 2512
2512 2511 2513
2514 2515 2516
2514 2516 2517
2517 2516 2518
2519 2520 2521
2521 2520 2522
2523 2524 2525
2526 2527 2528
2528 2527 2529
2527 2530 2529
2529 2530 2531
2532 2533 2534
2535 2536 2537
2536 2535 2538
2536 2538 2539
2536 2539 2540
2541 2542 2543
2544 2545 2546
2546 2545 2547
2548 2549 2550
2550 2549 2551
2552 2553 2554
2554 2553 2555
2556 2557 2558
2559 2560 2561
2562 2563 2564
2563 2562 2565
2565 2562 2558
2558 2562 2566
2567 2568 2569
2567 2569 2570
2567 2570 2571
2572 2573 2574
2574 2573 2575
2576 2577 2578
2578 2577 2579
2580 2581 2582
2582 2581 2583
2584 2585 2586
2586 2585 2587
2588 2589 2590
2590 2589 2591
2592 2593 2594
2595 2596 2597
2597 2596 2598
2599 2600 2601
2601 2600 2602
2603 2604 2605
2605 2604 2606
2607 2608 2609
2610 2611 2612
2612 2611 2613
2614 2615 2616
2616 2615 2617
2618 2619 2620
2621 2622 2623
2623 2622 2624
2625 2626 2627
2628 2629 2630
2631 2632 2633
2633 2634 2635
2636 2637 2630
2637 2638 2630
2639 2640 2641
2641 2640 2642
2643 2644 2645
2645 2644 2646
2647 2648 2649
2650 2651 2652
2652 2651 2653
2654 2655 2656
2656 2655 2657
2658 2659 2660
2660 2659 2661
2662 2663 2664
2664 2663 2665
2666 2667 2668
2669 2670 2671
2668 2672 2673
2668 2673 2674
2675 2676 2677
2675 2678 2679
2675 2677 2678
2678 2677 2680
2680 2677 2681
2681 2677 2682
2683 2684 2685
2683 2685 2686
2683 2686 2687
2688 2689 2690
2690 2689 2691
2691 2689 2692
2693 2694 2695
2695 2694 2696
2695 2696 2697
2697 2696 2698
2696 2699 2698
2699 2696 2700
2701 2702 2703
2704 2705 2706
2706 2705 2707
2708 2709 2710
2711 2712 2713
2713 2712 2714
2715 2716 2717
2717 2716 2718
2719 2720 2721
2721 2720 2722
2723 2724 2725
2725 2724 2726
2727 2728 2729
2729 2728 2730
2731 2732 2733
2733 2732 2734
2735 2736 2737
2737 2736 2738
2739 2740 2741
2741 2740 2742
2743 2744 2745
2746 2747 2748
2748 2747 2749
2750 2751 2752
2751 2750 2753
2751 2754 2755
2754 2751 2756
2757 2758 2753
2758 2759 2760
2761 2762 2763
2762 2761 2764
2762 2765 2766
2765 2762 2767
2768 2769 2764
2769 2770 2771
2772 2773 2774
2773 2772 2775
2773 2776 2777
2776 2773 2778
2779 2780 2775
2780 2781 2782
2783 2784 2785
2785 2784 2786
2787 2788 2789
2789 2788 2790
2791 2792 2793
2794 2795 2796
2794 2796 2797
2794 2797 2798
2799 2800 2801
2799 2801 2802
2799 2802 2803
2804 2805 2806
2804 2806 2807
2804 2807 2808
2809 2810 2811
2811 2810 2812
2813 2814 2815
2815 2814 2816
2817 2818 2819
2819 2818 2820
2821 2822 2823
2824 2825 2826
2825 2827 2828
2827 2825 2829
2830 2831 2832
2833 2834 2835
2836 2837 2838
2838 2837 2839
2840 2841 2842
2842 2841 2843
2844 2845 2846
2846 2845 2847
2848 2849 2850
2851 2852 2853
2854 2855 2856
2857 2849 2858
2859 2860 2861
2862 2863 2864
2861 2865 2866
2861 2866 2867
2868 2869 2870
2870 2869 2871
2872 2873 2874
2874 2873 2875
2876 2877 2878
2878 2877 2879
2880 2881 2882
2882 2881 2883
2884 2885 2886
2886 2885 2887
2888 2889 2890
2890 2889 2891
2892 2893 2894
2894 2893 2895
2896 2897 2898
2898 2897 2899
2900 2901 2902
2902 2901 2903
2904 2905 2906
2906 2905 2907
2908 2909 2910
2910 2909 2911
2912 2913 2914
2914 2913 2915
2916 2917 2918
2919 2920 2921
2920 2919 2922
2920 2922 2923
2920 2923 2924
2920 2924 2925
2920 2925 2926
2920 2926 2927
2920 2927 2928
2929 2930 2931
2931 2930 2932
2933 2934 2935
2935 2934 2936
2937 2938 2939
2940 2941 2942
2943 2944 2945
2946 2938 2947
2948 2949 2950
2951 2952 2953
2953 2952 2954
2953 2954 2955
2955 2954 2956
2956 2954 2949
2957 2958 2959
2960 2961 2962
2963 2964 2965
2965 2964 2966
2964 2967 2966
2966 2967 2968
2969 2970 2971
2971 2970 2972
2973 2974 2975
2975 2974 2976
2977 2978 2979
2980 2981 2982
2982 2981 2983
2981 2984 2983
2983 2984 2985
2986 2987 2988
2988 2987 2989
2990 2991 2992
2992 2991 2993
2994 2995 2996
2996 2995 2997
2998 2999 3000
3000 2999 3001
3002 3003 3004
3005 3006 3007
3007 3006 3008
3009 3010 3011
3011 3010 3012
3013 3014 3015
3015 3014 3016
3017 3018 3019
3019 3018 3020
3021 3022 3023
3023 3022 3024
3025 3026 3027
3027 3026 3028
3029 3030 3031
3031 3030 3032
3033 3034 3035
3035 3034 3036
3037 3038 3039
3040 3041 3042
3042 3041 3043
3041 3044 3043
3044 3041 3045
3045 3041 3038
3046 3047 3048
3049 3050 3051
3051 3050 3052
3053 3054 3055
3055 3054 3056
3057 3058 3059
3057 3059 3060
3060 3059 3061
3062 3063 3064
3064 3063 3065
3065 3063 3066
3067 3068 3069
3068 3070 3071
3069 3068 3071
3069 3071 3072
3072 3071 3073
3073 3071 3074
3074 3071 3075
3076 3077 3078
3079 3080 3081
3080 3082 3083
3081 3080 3083
3081 3083 3084
3084 3083 3085
3085 3083 3086
3086 3083 3087
3088 3089 3090
3091 3092 3093
3093 3092 3094
3092 3095 3094
3096 3097 3098
3096 3098 3099
3096 3099 3100
3101 3102 3103
3104 3105 3106
3106 3105 3107
3105 3108 3107
3108 3105 3109
3110 3111 3112
3113 3114 3115
3113 3115 3116
3116 3115 3117
3118 3119 3120
3120 3119 3121
3122 3123 3124
3125 3126 3127
3128 3129 3130
3130 3129 3125
3129 3126 3125
3131 3132 3133
3134 3135 3136
3134 3136 3137
3134 3137 3138
3139 3140 3141
3140 3139 3142
3140 3142 3143
3144 3145 3146
3144 3146 3147
3144 3147 3148
3149 3150 3151
3150 3149 3152
3150 3152 3153
3154 3155 3156
3156 3155 3157
3158 3159 3160
3161 3162 3163
3164 3165 3166
3167 3168 3169
3169 3168 3170
3169 3170 3171
3171 3170 3172
3173 3174 3175
3176 3177 3178
3176 3178 3179
3176 3179 3180
3181 3182 3183
3183 3182 3184
3184 3182 3185
3186 3187 3188
3188 3187 3189
3189 3187 3190
3191 3192 3193
3194 3195 3196
3195 3194 3197
3197 3194 3198
3199 3200 3201
3202 3187 3203
3187 3202 3204
3187 3204 3205
3187 3205 3190
3206 3207 3208
3208 3207 3209
3209 3207 3210
3211 3212 3213
3214 3215 3216
3216 3215 3217
3216 3217 3218
3219 3220 3221
3222 3207 3223
3207 3222 3224
3207 3224 3225
3207 3225 3210
3226 3227 3228
3228 3227 3229
3229 3227 3230
3231 3232 3233
3234 3235 3236
3235 3234 3237
3237 3234 3238
3239 3240 3241
3242 3227 3243
3227 3242 3244
3227 3244 3245
3227 3245 3230
3246 3247 3248
3249 3250 3251
3251 3250 3246
3250 3247 3246
3252 3253 3254
3255 3256 3257
3255 3257 3258
3255 3258 3259
3260 3261 3262
3261 3260 3263
3261 3263 3264
3265 3266 3267
3266 3265 3268
3266 3268 3269
3270 3271 3272
3273 3274 3275
3274 3273 3276
3273 3277 3276
3278 3279 3280
3281 3282 3266
3281 3283 3284
3281 3266 3283
3266 3269 3283
3285 3286 3287
3285 3287 3288
3285 3288 3289
3290 3291 3292
3292 3291 3293
3293 3291 3294
3295 3296 3297
3295 3297 3298
3295 3298 3299
3300 3301 3302
3302 3301 3303
3303 3301 3304
3305 3306 3307
3305 3307 3308
3305 3308 3309
3310 3311 3312
3312 3311 3313
3313 3311 3314
3315 3316 3317
3316 3318 3319
3317 3316 3319
3317 3319 3320
3320 3319 3321
3321 3319 3322
3322 3319 3323
3324 3325 3326
3327 3328 3329
3328 3330 3331
3329 3328 3331
3329 3331 3332
3332 3331 3333
3333 3331 3334
3333 3334 3335
3336 3337 3338
3339 3340 3341
3342 3343 3344
3344 3345 3346
3344 3346 3347
3348 3349 3350
3351 3352 3353
3351 3353 3354
3351 3354 3355
3356 3357 3358
3358 3357 3359
3359 3357 3360
3361 3362 3363
3364 3365 3366
3363 3367 3368
3363 3368 3369
3370 3371 3372
3371 3370 3373
3371 3373 3374
3374 3373 3375
3376 3377 3378
3379 3380 3381
3381 3380 3382
3380 3383 3382
3383 3380 3384
3385 3386 3387
3387 3386 3388
3386 3389 3388
3389 3386 3390
3391 3392 3393
3394 3395 3396
3396 3395 3397
3395 3398 3397
3398 3395 3399
3400 3401 3402
3403 3404 3405
3406 3407 3408
3408 3407 3409
3408 3409 3410
3410 3409 3411
3412 3413 3414
3415 3416 3417
3418 3419 3420
3420 3419 3421
3420 3421 3422
3420 3422 3423
3424 3425 3426
3426 3425 3427
3428 3429 3430
3430 3431 3432
3433 3434 3435
3434 3433 3436
3433 3437 3438
3433 3438 3439
3440 3441 3442
3440 3442 3443
3440 3443 3444
3445 3446 3447
3447 3446 3448
3449 3450 3451
3451 3450 3452
3453 3454 3455
3455 3454 3456
3456 3454 3457
3458 3459 3460
3461 3462 3463
3462 3461 3464
3464 3461 3465
3466 3467 3468
3469 3454 3470
3454 3469 3471
3454 3471 3472
3454 3472 3457
3473 3474 3475
3475 3474 3476
3475 3476 3477
3478 3479 3480
3481 3482 3483
3482 3481 3484
3484 3481 3485
3486 3487 3488
3489 3476 3490
3476 3489 3491
3476 3491 3492
3476 3492 3477
3493 3494 3495
3493 3495 3496
3493 3496 3497
3498 3499 3500
3499 3498 3501
3499 3501 3502
3502 3501 3503
3504 3505 3506
3506 3505 3507
3508 3509 3510
3510 3509 3511
3512 3513 3514
3512 3514 3515
3512 3515 3516
3517 3518 3519
3519 3518 3520
3520 3518 3521
3522 3523 3524
3522 3524 3525
3522 3525 3526
3527 3528 3529
3528 3527 3530
3528 3530 3531
3531 3530 3532
3533 3534 3535
3536 3537 3538
3537 3536 3539
3537 3539 3540
3537 3540 3541
3542 3543 3544
3544 3543 3545
3545 3543 3546
3547 3548 3549
3549 3548 3550
3549 3550 3551
3549 3551 3552
3553 3554 3555
3555 3554 3556
3557 3558 3559
3559 3558 3560
3560 3558 3561
3562 3563 3564
3565 3566 3567
3566 3565 3568
3568 3565 3569
3570 3571 3572
3573 3558 3574
3558 3573 3575
3558 3575 3576
3558 3576 3561
67 3577 62
62 3577 63
3577 70 63
3577 67 66
3577 66 3578
3577 3578 3579
3577 3579 70
73 3580 79
3580 73 72
79 3580 75
3580 3581 75
3581 3580 3582
3582 3580 72
3583 131 3584
131 3583 133
133 3583 3585
3583 3584 3586
3585 3583 3587
3586 3587 3583
3588 3589 3590
3589 3588 138
3589 138 140
3589 140 143
3589 143 145
3589 145 144
3589 144 3590
215 214 3591
214 221 3591
3591 221 218
3591 218 224
3591 224 216
3591 216 215
263 3592 255
3592 263 262
255 3592 256
3592 260 256
260 3592 3593
3592 3594 3593
3594 3592 262
3595 3596 3597
3596 3595 280
3596 280 279
3596 279 3598
3596 3598 3599
3596 3600 3597
3596 3599 3600
429 3601 424
424 3601 425
3601 433 425
3601 429 428
3601 428 3602
3601 3602 433
442 3603 443
3603 442 3604
443 3603 447
3603 3604 3605
3603 3605 3606
3603 3606 3607
3603 3607 3608
3603 3608 447
3609 497 499
497 3609 3610
499 507 3609
3610 3609 3611
3611 3609 500
3609 501 500
501 3609 507
3612 543 3613
3613 543 545
3613 545 553
3613 3614 3612
3614 3613 546
3613 547 546
547 3613 553
3615 3616 3617
3617 3616 768
768 3616 769
3616 778 769
778 3616 772
772 3616 773
773 3616 3615
840 3618 841
3618 840 845
841 3618 850
845 844 3618
844 847 3618
847 850 3618
883 3619 878
878 3619 879
3619 886 879
3619 883 882
3619 882 3620
3619 3620 3621
3619 3621 886
965 964 3622
964 968 3622
965 3622 970
3622 968 971
970 3622 971
976 975 3623
975 979 3623
976 3623 981
3623 979 982
981 3623 982
986 990 3624
986 3624 987
987 3624 992
3624 990 993
992 3624 993
3625 3626 3627
3626 3625 1036
3626 1036 1038
3626 1038 1041
3626 1041 1043
3626 1043 1042
3626 1042 3627
3628 1060 1062
1060 3628 3629
1062 1070 3628
3629 3628 3630
3630 3628 1063
3628 1064 1063
1064 3628 1070
3631 3632 1071
1071 3632 1072
3632 1079 1072
3632 3631 3633
3632 3633 1076
3632 1076 1075
3632 1075 1079
3634 1149 1151
1149 3634 3635
1151 1159 3634
3635 3634 3636
3636 3634 1152
3634 1153 1152
1153 3634 1159
3637 3638 1166
3637 1166 1162
3637 1162 1161
3637 3639 3638
1161 3639 3637
3640 3641 1253
3640 1253 1251
3640 1251 1250
3640 3642 3641
1250 3642 3640
1315 3643 1321
3643 1315 1314
1321 3643 1317
3643 3644 1317
3644 3643 3645
3645 3643 1314
1336 3646 1337
3646 1336 1335
1337 3646 1341
3646 3647 1341
3647 3646 3648
3648 3646 1335
1378 3649 1384
3649 1378 1377
1384 3649 1382
3649 3650 1382
3650 3649 3651
3651 3649 1377
3652 3653 1458
3653 3652 3654
1458 3653 1462
3653 3655 1462
3655 3653 3656
3653 3654 3657
3656 3653 3657
1562 3658 1554
3658 1562 1561
1554 3658 1555
3658 1559 1555
1559 3658 3659
3658 3660 3659
3660 3658 1561
1573 3661 1574
3661 1573 1578
1574 3661 1581
1578 1577 3661
1577 3662 3661
3661 3662 3663
3661 3663 1581
1605 3664 1611
3664 1605 1604
1611 3664 1607
3664 3665 1607
3665 3664 3666
3666 3664 1604
1617 3667 1623
3667 1617 1616
1623 3667 1621
3667 3668 1621
3668 3667 3669
3669 3667 1616
1642 1641 3670
1642 3670 1648
1648 3670 1646
3670 1651 1646
1651 3670 1644
1644 3670 1641
1854 1850 3671
3671 1850 1852
3671 1852 1858
3671 1855 1854
1855 3671 3672
3672 3671 3673
3671 1858 3673
1860 1867 3674
1860 3674 1861
3674 1867 1863
3674 1863 3675
3674 3675 3676
3674 3676 1861
3677 3678 1919
3677 1919 1921
3677 1921 3679
3677 3680 3678
3677 3679 3681
3677 3681 3680
3682 3683 3684
3684 3683 1926
1926 3683 1927
3683 1931 1927
1931 3683 1933
1933 3683 1934
1934 3683 3682
2003 2002 3685
2003 3685 2009
2009 3685 2007
3685 2012 2007
2012 3685 2005
2005 3685 2002
2050 2043 3686
2050 3686 2051
3686 2043 2045
3686 2045 2048
3686 2048 3687
3686 3687 3688
3686 3688 2051
3689 3690 3691
3691 3690 2068
2068 3690 2067
3690 3692 2067
3692 3690 3693
3690 3689 3694
3693 3690 3694
2216 2212 3695
3695 2212 2214
3695 2214 2221
3695 2217 2216
2217 3695 3696
3696 3695 2221
3697 2230 2232
2230 3697 3698
2232 2235 3697
3698 3697 3699
3699 3697 3700
3700 3697 3701
3701 3697 3702
3697 2235 3702
2285 3703 2286
3703 2285 3704
2286 3703 2295
3703 3704 3705
3703 3705 2290
3703 2290 2289
3703 2289 2295
3706 3707 2331
2331 3707 2332
3707 2341 2332
3707 3706 3708
3707 3708 2336
3707 2336 2335
3707 2335 2341
3709 3710 3711
3710 3709 2556
3710 2556 2558
3710 2558 2566
3710 2566 2560
3710 2560 2559
3710 2559 3711
3712 2628 2630
2628 3712 2632
2630 2638 3712
2632 3712 2633
3712 2634 2633
2634 3712 2638
2670 2666 3713
3713 2666 2668
3713 2668 2674
3713 2671 2670
2671 3713 3714
3714 3713 3715
3713 2674 3715
3716 2751 2753
2751 3716 2756
2753 2758 3716
2756 3716 2760
2758 2760 3716
3717 2762 2764
2762 3717 2767
2764 2769 3717
2767 3717 2771
2769 2771 3717
3718 2778 2773
3718 2773 2775
3718 2775 2780
3718 2782 2778
2780 2782 3718
3719 3720 3721
3721 3720 2824
2824 3720 2825
3720 2829 2825
2829 3720 2831
2831 3720 2832
2832 3720 3719
2848 3722 2849
3722 2848 3723
2849 3722 2858
3722 3723 3724
3722 3724 2853
3722 2853 2852
3722 2852 2858
3725 2859 3726
3726 2859 2861
3726 2861 2867
3726 3727 3725
3727 3726 2862
3726 2863 2862
2863 3726 2867
2937 3728 2938
3728 2937 3729
2938 3728 2947
3728 3729 3730
3728 3730 2942
3728 2942 2941
3728 2941 2947
3731 2954 3732
2954 3731 2949
2949 3731 2950
3731 3732 3733
2950 3731 3733
3734 3041 3735
3041 3734 3038
3038 3734 3039
3734 3735 3736
3039 3734 3736
3102 3109 3737
3102 3737 3103
3737 3109 3105
3737 3105 3738
3737 3738 3739
3737 3739 3103
3123 3126 3740
3123 3740 3124
3740 3126 3129
3740 3129 3741
3740 3741 3742
3740 3742 3124
3165 3172 3743
3165 3743 3166
3743 3172 3170
3743 3170 3744
3743 3744 3745
3743 3745 3166
3746 3247 3747
3746 3747 3748
3747 3247 3250
3747 3250 3749
3747 3749 3750
3747 3751 3748
3747 3750 3751
3349 3342 3752
3349 3752 3350
3752 3342 3344
3752 3344 3347
3752 3347 3753
3752 3753 3754
3752 3754 3350
3755 3361 3363
3361 3755 3365
3363 3369 3755
3365 3755 3366
3366 3755 3756
3756 3755 3757
3755 3369 3757
3392 3399 3758
3392 3758 3393
3758 3399 3395
3758 3395 3759
3758 3759 3760
3758 3760 3393
3404 3411 3761
3404 3761 3405
3761 3411 3409
3761 3409 3762
3761 3762 3763
3761 3763 3405
3430 3429 3764
3429 3436 3764
3764 3436 3433
3764 3433 3439
3764 3439 3431
3764 3431 3430
3765 3766 3767
3768 3769 3770
3771 3772 3773
3774 3775 3776
3774 3776 3777
3775 3774 3778
3775 3778 3779
3780 3781 3782
3781 3780 3783
3782 3784 3785
3784 3782 3781
3786 3787 3788
3788 3787 3789
3787 3790 3789
3791 3786 3792
3786 3791 3787
3793 3794 3795
3795 3794 3796
3793 3797 3798
3797 3793 3795
3795 3796 3799
3799 3796 3800
3795 3801 3797
3801 3795 3799
3802 3803 3804
3804 3803 3792
3803 3791 3792
3785 3805 3806
3805 3785 3784
3807 3808 3809
3807 3809 3810
3809 3808 3811
3811 3808 3812
3813 3774 3777
3813 3777 3814
3774 3813 3815
3814 3815 3813
3815 3814 3816
3815 3817 3774
3774 3817 3778
3818 3819 3820
3818 3820 3821
3822 3823 3769
3823 3822 3824
3823 3824 3825
3824 3826 3825
3826 3810 3827
3825 3826 3827
3810 3809 3828
3827 3810 3828
3827 3828 3829
3827 3829 3825
3829 3823 3825
3830 3831 3832
3832 3831 3833
3830 3834 3835
3834 3830 3832
3835 3836 3837
3836 3835 3834
3837 3836 3838
3837 3838 3839
3840 3834 3832
3840 3832 3833
3834 3841 3836
3841 3834 3840
3840 3833 3842
3842 3833 3843
3840 3844 3841
3844 3840 3842
3845 3846 3847
3846 3848 3847
3848 3846 3849
3848 3849 3850
3849 3851 3850
3851 3849 3852
3851 3852 3853
3849 3846 3854
3849 3854 3852
3846 3845 3855
3855 3845 3856
3842 3843 3857
3857 3843 3858
3842 3859 3844
3859 3842 3857
3857 3858 3860
3860 3858 3861
3857 3862 3859
3862 3857 3860
3860 3861 3863
3863 3861 3864
3860 3865 3862
3865 3860 3863
3862 3866 3859
3866 3862 3865
3859 3867 3844
3867 3859 3866
3844 3868 3841
3868 3844 3867
3869 3870 3871
3869 3871 3872
3872 3871 3873
3873 3871 3874
3873 3874 3856
3871 3870 3875
3871 3875 3874
3875 3870 3876
3877 3855 3856
3877 3856 3874
3874 3875 3878
3874 3878 3877
3875 3876 3879
3875 3879 3878
3876 3880 3879
3878 3881 3877
3881 3855 3877
3878 3879 3882
3878 3882 3881
3879 3883 3882
3883 3879 3880
3883 3880 3884
3885 3855 3881
3855 3885 3846
3846 3885 3886
3846 3886 3854
3881 3882 3887
3881 3887 3885
3882 3888 3887
3888 3882 3883
3888 3883 3889
3883 3884 3889
3889 3884 3890
3891 3885 3887
3885 3891 3886
3886 3891 3892
3886 3892 3854
3770 3769 3893
3770 3893 3890
3769 3823 3893
3823 3829 3894
3893 3823 3894
3893 3894 3890
3894 3889 3890
3894 3829 3895
3894 3895 3889
3889 3895 3888
3888 3895 3896
3888 3896 3887
3887 3897 3891
3896 3897 3887
3897 3896 3898
3896 3895 3898
3829 3828 3899
3829 3899 3895
3899 3898 3895
3809 3900 3828
3828 3900 3899
3900 3898 3899
3811 3901 3809
3809 3901 3900
3901 3898 3900
3901 3811 3902
3902 3811 3812
3902 3812 3903
3903 3812 3904
3905 3898 3901
3898 3905 3897
3905 3906 3897
3906 3891 3897
3891 3907 3892
3907 3891 3906
3905 3901 3908
3908 3901 3902
3908 3902 3909
3909 3902 3903
3910 3906 3905
3910 3905 3908
3910 3908 3909
3906 3911 3907
3911 3906 3910
3766 3912 3913
3766 3913 3767
3913 3914 3767
3838 3915 3839
3839 3915 3916
3916 3915 3917
3916 3917 3918
3917 3919 3918
3918 3919 3920
3919 3819 3920
3838 3921 3915
3915 3921 3917
3921 3838 3836
3836 3841 3922
3836 3922 3921
3921 3923 3917
3917 3923 3919
3923 3921 3922
3919 3924 3819
3819 3924 3820
3924 3919 3923
3924 3923 3925
3924 3925 3820
3925 3923 3922
3922 3841 3926
3926 3841 3868
3922 3926 3925
3925 3926 3927
3926 3868 3927
3925 3927 3820
3927 3928 3820
3820 3928 3821
3927 3868 3929
3927 3929 3928
3929 3868 3930
3930 3868 3867
3930 3867 3931
3931 3867 3866
3931 3866 3854
3854 3866 3865
3854 3865 3852
3852 3865 3863
3854 3892 3931
3863 3932 3852
3852 3932 3853
3932 3772 3853
3864 3933 3863
3863 3933 3932
3932 3933 3772
3933 3864 3773
3772 3933 3773
3930 3934 3929
3934 3930 3931
3934 3931 3892
3934 3892 3935
3935 3892 3907
3934 3936 3929
3936 3934 3935
3929 3936 3928
3936 3935 3937
3937 3935 3907
3937 3907 3911
3937 3928 3936
3928 3938 3821
3938 3928 3937
3938 3937 3911
3938 3939 3821
3939 3938 3940
3941 3942 3943
3941 3943 3944
3941 3944 3945
3941 3945 3946
3941 3946 3947
3947 3946 3948
3941 3949 3942
3949 3941 3947
3942 3949 3950
3910 3951 3911
3951 3910 3909
3911 3951 3938
3938 3952 3940
3938 3951 3952
3940 3952 3953
3951 3909 3954
3954 3909 3903
3951 3954 3952
3903 3904 3955
3904 3956 3955
3903 3955 3954
3956 3957 3955
3957 3956 3958
3955 3957 3954
3957 3958 3959
3957 3959 3960
3957 3960 3961
3962 3952 3954
3962 3954 3957
3962 3957 3963
3957 3961 3963
3962 3964 3952
3962 3963 3964
3952 3964 3953
3965 3966 3967
3967 3966 3968
3965 3969 3970
3969 3965 3967
3967 3968 3971
3971 3968 3950
3971 3950 3949
3971 3949 3972
3972 3949 3947
3971 3973 3967
3973 3971 3972
3967 3974 3969
3974 3967 3973
3975 3972 3947
3975 3947 3948
3975 3948 3976
3975 3976 3977
3973 3972 3978
3978 3972 3975
3978 3975 3977
3978 3977 3979
3974 3973 3980
3980 3973 3978
3980 3978 3979
3980 3981 3974
3979 3981 3980
3981 3979 3982
3981 3982 3983
3982 3984 3983
3983 3984 3985
3984 3986 3985
3987 3974 3981
3987 3981 3983
3974 3988 3969
3988 3974 3987
3987 3983 3989
3983 3985 3989
3990 3970 3969
3990 3969 3988
3970 3990 3802
3990 3803 3802
3803 3990 3991
3990 3988 3991
3803 3991 3992
3803 3992 3791
3991 3988 3993
3988 3987 3993
3987 3989 3993
3994 3992 3991
3993 3994 3991
3994 3993 3995
3993 3989 3995
3994 3996 3992
3992 3996 3791
3791 3996 3997
3791 3997 3787
3787 3997 3998
3787 3998 3790
3998 3999 3790
3996 3994 4000
3994 3995 4000
3986 3779 4001
4001 3779 3778
3986 4001 3985
3778 3817 4002
3778 4002 4001
3989 3985 4003
4001 4003 3985
4003 4001 4002
4003 4002 3817
3989 4004 3995
4004 3989 4003
3995 4005 4000
4005 3995 4004
4000 4006 3996
4006 4000 4005
3996 4006 4007
3996 4007 3997
3997 4007 4008
3997 4008 3998
3998 4008 4009
3998 4009 3999
4009 4010 3999
4011 4004 4003
4011 4003 3817
4011 3817 3815
4011 4012 4004
4011 3815 4012
4012 3815 3816
4012 3816 4013
4013 4014 4015
4013 4015 4012
4012 4016 4004
4015 4016 4012
4004 4016 4017
4017 4016 4015
4004 4017 4005
4005 4018 4006
4005 4017 4018
4006 4019 4007
4006 4018 4019
4007 4019 4020
4007 4020 4008
4008 4020 4021
4008 4021 4009
4009 4021 4022
4009 4022 4010
4022 4023 4010
4023 4022 4024
4025 4017 4015
4025 4015 4014
4025 4014 4026
4025 4027 4017
4025 4026 4027
4027 4026 4028
4017 4029 4018
4029 4017 4027
4018 4030 4019
4030 4018 4029
4019 4031 4020
4031 4019 4030
4020 4031 4032
4020 4032 4021
4029 4027 4033
4027 4028 4033
4033 4028 4034
4033 4035 4029
4033 4034 4035
4035 4034 4036
4035 4036 4037
4037 4036 4038
4037 4038 4039
4040 4041 4042
4041 4043 4042
4042 4043 4044
4045 4040 4046
4046 4040 4042
4045 4046 3961
3961 4046 3963
3963 4046 3964
4047 4042 4044
4042 4047 4046
4047 4044 3953
4047 3953 3964
4047 3964 4046
4048 4049 3783
3783 4049 3781
4049 4048 3914
3781 4050 3784
4050 3781 4049
3784 4050 4051
3784 4051 3805
3805 4052 3806
3805 4051 4052
3806 4052 4053
3806 4053 4054
4054 4053 4055
4054 4055 4056
4057 3914 3913
3914 4057 4049
3913 3912 4058
3913 4058 4057
3912 4059 4058
4057 4058 4060
4057 4060 4049
4049 4060 4050
4050 4060 4061
4050 4061 4051
4051 4062 4052
4051 4061 4062
4058 4063 4060
4060 4063 4061
4058 4059 4064
4058 4064 4063
4063 4064 4065
4063 4065 4061
4061 4065 4062
4066 4056 4067
4066 4067 4068
4056 4055 4069
4056 4069 4067
4067 4070 4068
4070 4071 4068
4072 4052 4062
4072 4062 4065
4065 4064 4073
4065 4073 4072
4064 4059 4074
4064 4074 4073
4074 4059 4075
4074 4075 4076
4074 4076 4077
4074 4077 4073
4076 3798 4077
4077 3798 3797
4077 3797 4078
4078 3797 3801
4077 4079 4073
4079 4077 4078
4073 4079 4072
4078 4080 4079
4072 4079 4080
4078 4081 4080
4081 4078 3801
4081 3801 4082
4082 3801 3799
4083 4072 4080
4072 4083 4052
4083 4080 4084
4052 4083 4084
4052 4084 4053
4084 4085 4053
4053 4085 4055
4055 4085 4086
4055 4086 4069
4080 4087 4084
4087 4080 4081
4084 4087 4085
4087 4081 4088
4085 4087 4088
4085 4088 4086
4089 4082 3799
4089 3799 3800
4089 3800 4090
4090 3800 4091
4090 4091 4092
4092 4091 4093
4090 4094 4089
4094 4090 4092
4089 4094 4082
4092 4093 4095
4095 4093 4024
4095 4024 4022
4095 4022 4021
4081 4082 4096
4096 4082 4094
4081 4096 4088
4096 4094 4097
4094 4092 4097
4092 4098 4097
4098 4092 4095
4098 4095 4021
4098 4021 4032
4098 4032 4097
4097 4099 4096
4097 4032 4099
4096 4099 4088
4088 4099 4100
4100 4099 4032
4100 4032 4031
4100 4031 4101
4101 4031 4030
4100 4102 4088
4102 4100 4101
4088 4102 4086
4102 4069 4086
4069 4102 4067
4067 4102 4101
4067 4101 4103
4103 4101 4030
4103 4030 4029
4103 4070 4067
4103 4029 4104
4104 4029 4035
4103 4104 4070
4035 4105 4104
4105 4035 4037
4104 4105 4070
4105 4037 4039
4070 4106 4071
4106 4070 4105
4106 4105 4039
4106 4039 4071
4107 4108 4109
4110 4111 4112
4113 4114 4115
4116 4117 4118
4119 4120 4121
4122 4123 4124
4125 4126 4127
4128 4129 4130
4131 4132 4133
4134 4135 4136
4137 4138 4139
4138 4137 4140
4141 4142 4143
4144 4145 4146
4147 4148 4149
4150 4151 4152
4153 4154 4155
4156 4157 4158
4159 4160 4161
4162 4163 4164
4165 4166 4167
4168 4169 4170
4171 4172 4173
4171 4173 4174
4174 4173 4175
4174 4175 4176
4174 4176 4177
4178 4179 4180
4181 4182 4183
4184 4185 4186
4187 4188 4189
4190 4191 4192
4193 4194 4195
4195 4194 4196
4197 4198 4199
4200 4201 4202
4203 4204 4205
4206 4207 4208
4209 4210 4211
4212 4213 4214
4215 4216 4217
4218 4219 4220
4221 4222 4223
4224 4225 4226
4227 4228 4229
4230 4231 4232
4233 4234 4235
4236 4237 4238
4239 4240 4241
4242 4243 4244
4243 4242 4245
4242 4246 4245
4246 4242 4247
4248 4249 4250
4251 4252 4253
4254 4255 4256
4257 4258 4259
4260 4261 4262
4263 4264 4265
4266 4267 4268
4269 4270 4271
4272 4273 4274
4272 4274 4275
4272 4275 4276
4276 4275 4277
4272 4276 4278
4277 4278 4276
4279 4280 4281
4281 4280 4282
4280 4283 4282
4280 4279 4284
4280 4284 4283
4284 4279 4285
4286 4287 4288
4287 4286 4289
4288 4287 4290
4288 4290 4291
4287 4289 4292
4289 4293 4292
4292 4293 4294
4287 4295 4290
4295 4287 4292
4295 4292 4296
4292 4294 4296
4296 4294 4297
4298 4299 4300
4298 4300 4301
4301 4300 4302
4302 4300 4303
4300 4299 4304
4299 4291 4304
4291 4290 4305
4304 4291 4305
4290 4295 4306
4305 4290 4306
4305 4306 4307
4305 4307 4304
4303 4300 4308
4304 4308 4300
4303 4308 4309
4309 4310 4311
4309 4308 4310
4304 4307 4312
4304 4312 4308
4313 4297 4314
4297 4313 4296
4296 4313 4315
4296 4315 4295
4295 4315 4316
4295 4316 4306
4306 4316 4307
4307 4316 4317
4307 4317 4312
4312 4317 4318
4312 4318 4308
4308 4318 4310
4317 4316 4319
4317 4319 4318
4318 4319 4320
4318 4320 4310
4319 4316 4321
4316 4315 4321
4321 4315 4322
4322 4315 4313
4321 4323 4319
4323 4321 4322
4319 4323 4324
4319 4324 4320
4325 4322 4313
4325 4313 4314
4325 4314 4326
4323 4322 4327
4322 4325 4327
4327 4325 4328
4328 4325 4326
4328 4326 4329
4328 4329 4330
4328 4330 4327
4330 4329 4331
4327 4330 4332
4327 4332 4323
4332 4330 4333
4330 4331 4333
4331 4334 4333
4334 4331 4273
4334 4273 4272
4332 4333 4335
4335 4333 4334
4332 4336 4323
4336 4332 4335
4323 4336 4324
4337 4334 4272
4337 4272 4278
4334 4337 4335
4278 4338 4337
4338 4278 4277
4338 4277 4283
4339 4335 4337
4339 4337 4338
4340 4283 4284
4340 4338 4283
4338 4340 4339
4341 4284 4285
4284 4341 4340
4340 4341 4342
4340 4342 4339
4339 4343 4335
4339 4342 4343
4335 4343 4336
4336 4344 4324
4324 4344 4320
4320 4344 4345
4320 4345 4310
4310 4345 4311
4345 4344 4346
4311 4345 4346
4311 4346 4347
4346 4344 4348
4347 4346 4348
4347 4348 4349
4349 4348 4285
4285 4348 4341
4344 4336 4350
4344 4350 4348
4348 4350 4341
4341 4350 4342
4350 4343 4342
4343 4350 4336
4351 4352 4353
4351 4353 4354
4354 4355 4356
4355 4357 4356
4192 4358 4359
4358 4192 4191
4359 4360 4361
4360 4359 4358
4357 4362 4363
4357 4363 4356
4356 4364 4354
4363 4364 4356
4365 4366 4367
4365 4367 4368
4368 4367 4369
4368 4369 4370
4370 4369 4371
4370 4371 4372
4372 4371 4373
4374 4369 4367
4369 4374 4371
4371 4374 4375
4371 4375 4373
4373 4375 4376
4377 4378 4379
4378 4380 4379
4381 4382 4383
4381 4383 4384
4382 4385 4114
4385 4382 4381
4386 4377 4387
4377 4386 4378
4388 4389 4390
4388 4390 4391
4389 4108 4392
4389 4392 4390
4392 4108 4107
4392 4107 4393
4394 4395 4396
4396 4395 4397
4398 4399 4400
4397 4399 4398
4401 4402 4403
4403 4402 4404
4402 4401 4112
4402 4112 4111
4402 4405 4404
4402 4111 4405
4404 4405 4406
4405 4111 4407
4406 4405 4408
4407 4408 4405
4408 4407 4409
4410 4393 4406
4410 4406 4408
4410 4408 4409
4410 4409 4411
4409 4412 4411
4410 4413 4393
4410 4411 4413
4393 4413 4392
4413 4414 4392
4392 4414 4390
4413 4411 4414
4411 4412 4415
4414 4411 4415
4412 4416 4417
4415 4412 4417
4391 4390 4418
4390 4414 4418
4418 4414 4419
4414 4415 4419
4415 4417 4420
4419 4415 4420
4421 4422 4115
4422 4421 4387
4115 4114 4421
4387 4421 4386
4421 4114 4385
4386 4421 4385
4386 4385 4423
4385 4381 4423
4386 4423 4378
4423 4381 4424
4424 4381 4384
4423 4424 4425
4423 4425 4378
4378 4426 4380
4378 4425 4426
4380 4426 4427
4380 4427 4428
4428 4427 4429
4429 4427 4430
4430 4427 4431
4426 4425 4432
4426 4432 4427
4427 4432 4431
4432 4433 4431
4433 4432 4434
4433 4434 4384
4432 4425 4434
4384 4434 4435
4425 4435 4434
4384 4435 4424
4435 4425 4424
4416 4220 4436
4416 4436 4417
4419 4437 4418
4437 4419 4420
4420 4417 4438
4420 4438 4437
4417 4436 4439
4417 4439 4438
4418 4440 4391
4440 4418 4437
4391 4440 4441
4441 4442 4443
4440 4442 4441
4442 4440 4444
4444 4440 4437
4444 4437 4438
4443 4445 4446
4445 4443 4442
4445 4442 4447
4447 4442 4444
4444 4438 4448
4448 4438 4439
4444 4449 4447
4449 4444 4448
4449 4448 4450
4450 4448 4439
4439 4436 4451
4439 4451 4450
4220 4219 4452
4219 4453 4452
4220 4452 4436
4452 4453 4454
4453 4455 4454
4452 4454 4436
4436 4454 4451
4454 4456 4451
4451 4456 4450
4450 4456 4457
4450 4457 4449
4454 4455 4458
4454 4458 4456
4458 4459 4456
4459 4457 4456
4458 4455 4460
4458 4460 4459
4460 4455 4461
4457 4462 4449
4462 4447 4449
4457 4459 4463
4457 4463 4462
4459 4460 4464
4459 4464 4463
4460 4461 4465
4460 4465 4464
4465 4461 4400
4465 4400 4399
4465 4399 4466
4466 4399 4397
4465 4466 4464
4466 4467 4464
4467 4466 4397
4464 4467 4463
4463 4467 4462
4462 4467 4468
4468 4467 4397
4397 4395 4469
4397 4469 4468
4468 4470 4462
4469 4470 4468
4470 4469 4395
4470 4447 4462
4447 4470 4445
4471 4395 4394
4395 4471 4470
4470 4471 4445
4445 4471 4446
4446 4471 4394
4118 4117 4472
4117 4473 4472
4118 4472 4474
4475 4476 4477
4475 4477 4478
4477 4476 4479
4477 4479 4480
4480 4481 4482
4480 4482 4477
4477 4482 4483
4477 4483 4478
4478 4483 4484
4485 4486 4487
4485 4487 4488
4489 4481 4474
4489 4474 4472
4489 4472 4490
4472 4473 4490
4482 4481 4491
4491 4481 4489
4482 4492 4483
4492 4482 4491
4491 4489 4493
4489 4490 4493
4490 4473 4494
4473 4495 4494
4494 4495 4496
4495 4497 4496
4492 4491 4498
4498 4491 4493
4498 4493 4499
4500 4501 4502
4500 4502 4503
4504 4505 4506
4503 4506 4505
4504 4507 4508
4505 4504 4508
4507 4509 4510
4508 4507 4510
4509 4511 4512
4510 4509 4512
4511 4513 4514
4512 4511 4514
4513 4515 4516
4514 4513 4516
4514 4517 4512
4512 4517 4510
4514 4516 4518
4514 4518 4517
4508 4519 4505
4505 4519 4503
4519 4520 4503
4503 4520 4500
4519 4508 4521
4519 4521 4520
4508 4510 4521
4522 4501 4500
4522 4500 4520
4520 4521 4523
4520 4523 4522
4522 4524 4501
4522 4523 4524
4501 4524 4525
4525 4526 4527
4525 4524 4526
4524 4523 4528
4528 4523 4521
4528 4521 4529
4521 4510 4529
4529 4510 4530
4530 4510 4517
4531 4532 4527
4531 4527 4526
4531 4526 4533
4534 4535 4532
4534 4532 4531
4535 4536 4537
4536 4535 4534
4534 4531 4538
4538 4531 4533
4534 4539 4536
4539 4534 4538
4530 4517 4540
4530 4540 4533
4540 4517 4518
4533 4540 4538
4538 4540 4541
4538 4541 4539
4541 4540 4518
4518 4516 4542
4518 4542 4541
4541 4542 4543
4541 4543 4539
4539 4544 4536
4539 4543 4544
4536 4545 4537
4544 4545 4536
4537 4545 4497
4543 4546 4544
4546 4545 4544
4516 4515 4547
4516 4547 4542
4542 4547 4548
4542 4548 4543
4543 4548 4549
4543 4549 4546
4550 4551 4552
4551 4488 4552
4550 4553 4554
4550 4554 4551
4551 4554 4555
4551 4555 4488
4120 4556 4557
4556 4120 4119
4556 4119 4558
4559 4560 4553
4560 4554 4553
4554 4560 4561
4554 4561 4555
4561 4562 4555
4562 4488 4555
4488 4562 4563
4488 4563 4485
4485 4564 4486
4485 4563 4564
4565 4562 4561
4562 4565 4563
4564 4566 4486
4563 4566 4564
4486 4566 4558
4566 4556 4558
4566 4563 4567
4567 4563 4565
4567 4565 4568
4568 4565 4561
4568 4561 4569
4569 4561 4560
4568 4570 4567
4570 4566 4567
4566 4570 4556
4556 4570 4557
4557 4570 4571
4571 4570 4568
4571 4568 4569
4571 4569 4572
4572 4569 4573
4573 4569 4560
4573 4560 4559
4573 4559 4574
4573 4575 4572
4573 4574 4575
4496 4497 4576
4496 4576 4577
4576 4497 4545
4483 4492 4578
4483 4578 4484
4578 4579 4484
4578 4492 4580
4492 4498 4580
4578 4581 4579
4578 4580 4581
4579 4581 4515
4515 4581 4547
4581 4548 4547
4499 4582 4498
4498 4582 4580
4582 4499 4577
4577 4576 4583
4577 4583 4582
4584 4196 4585
4584 4585 4586
4196 4194 4587
4196 4587 4585
4587 4194 4588
4585 4587 4588
4194 4589 4588
4588 4589 4590
4590 4589 4591
4590 4591 4592
4590 4593 4588
4592 4593 4590
4588 4594 4585
4594 4588 4593
4585 4595 4586
4595 4585 4594
4586 4595 4596
4597 4598 4599
4597 4599 4600
4598 4601 4602
4598 4602 4599
4600 4603 4604
4600 4599 4603
4604 4603 4605
4605 4603 4606
4606 4603 4607
4607 4603 4608
4603 4599 4608
4607 4608 4609
4608 4599 4610
4609 4608 4610
4609 4610 4611
4612 4601 4202
4612 4202 4201
4612 4201 4613
4612 4613 4614
4612 4602 4601
4602 4612 4615
4615 4612 4614
4615 4614 4616
4602 4617 4599
4617 4602 4615
4599 4617 4618
4599 4618 4610
4617 4615 4619
4619 4615 4616
4619 4616 4620
4610 4618 4621
4610 4621 4611
4611 4621 4620
4618 4617 4622
4618 4622 4621
4621 4622 4620
4617 4619 4623
4617 4623 4622
4622 4623 4620
4620 4623 4619
4624 4625 4626
4624 4626 4627
4625 4628 4629
4628 4625 4624
4630 4631 4632
4632 4631 4633
4630 4634 4631
4633 4631 4635
4633 4635 4636
4637 4638 4639
4639 4638 4640
4641 4642 4643
4640 4641 4643
4644 4645 4646
4646 4645 4647
4644 4648 4649
4644 4649 4645
4648 4650 4649
4645 4651 4647
4647 4651 4652
4645 4649 4653
4645 4653 4651
4649 4650 4654
4649 4654 4653
4650 4655 4654
4655 4656 4657
4654 4655 4657
4656 4658 4659
4657 4656 4659
4658 4660 4659
4657 4661 4654
4657 4659 4661
4654 4662 4653
4654 4661 4662
4661 4659 4663
4659 4660 4663
4663 4660 4664
4665 4153 4666
4665 4666 4667
4153 4668 4154
4668 4153 4665
4154 4668 4669
4665 4667 4670
4667 4671 4670
4670 4671 4672
4673 4668 4665
4673 4665 4670
4668 4674 4669
4674 4668 4673
4673 4670 4675
4670 4672 4675
4675 4672 4676
4677 4678 4679
4677 4679 4680
4678 4157 4681
4678 4681 4679
4157 4156 4682
4157 4682 4681
4682 4683 4681
4681 4683 4679
4682 4156 4684
4682 4684 4683
4684 4156 4685
4684 4685 4686
4680 4679 4687
4680 4687 4688
4688 4687 4676
4687 4679 4689
4676 4687 4689
4676 4690 4675
4676 4689 4690
4675 4691 4673
4675 4690 4691
4691 4690 4692
4692 4690 4689
4692 4689 4679
4692 4679 4683
4683 4684 4693
4683 4693 4692
4692 4693 4691
4693 4673 4691
4673 4693 4674
4684 4686 4694
4684 4694 4693
4694 4674 4693
4674 4694 4669
4669 4694 4686
4695 4696 4697
4695 4697 4224
4224 4697 4225
4698 4699 4696
4696 4699 4697
4700 4701 4702
4700 4702 4703
4704 4705 4706
4705 4704 4707
4706 4705 4708
4706 4708 4709
4710 4711 4712
4710 4712 4713
4710 4713 4714
4714 4713 4715
4716 4717 4210
4210 4717 4211
4718 4719 4720
4719 4718 4721
4720 4722 4723
4723 4724 4725
4722 4720 4726
4720 4719 4726
4722 4727 4728
4722 4726 4727
4726 4729 4727
4729 4726 4719
4729 4719 4730
4719 4721 4730
4731 4732 4733
4733 4732 4734
4735 4736 4128
4736 4129 4128
4735 4737 4738
4735 4738 4736
4739 4740 4741
4740 4739 4742
4741 4743 4744
4743 4741 4740
4745 4746 4225
4746 4745 4747
4745 4225 4697
4697 4699 4748
4697 4748 4745
4745 4749 4747
4747 4749 4750
4749 4751 4750
4749 4745 4752
4749 4752 4751
4752 4745 4748
4751 4752 4753
4754 4755 4756
4754 4756 4757
4755 4754 4758
4757 4758 4754
4755 4758 4222
4758 4757 4759
4759 4757 4760
4759 4760 4761
4762 4763 4764
4763 4765 4764
4765 4766 4767
4764 4765 4767
4766 4768 4769
4767 4766 4769
4768 4770 4769
4769 4770 4771
4769 4771 4767
4771 4770 4772
4773 4123 4122
4123 4773 4774
4775 4776 4126
4775 4126 4125
4775 4125 4777
4778 4779 4780
4778 4780 4781
4779 4782 4783
4782 4779 4778
4784 4785 4786
4786 4785 4781
4787 4788 4629
4787 4629 4628
4787 4628 4789
4628 4624 4789
4788 4790 4791
4790 4788 4787
4790 4787 4792
4792 4787 4789
4793 4794 4267
4267 4794 4268
4268 4794 4795
4796 4797 4798
4796 4798 4799
4797 4800 4801
4800 4797 4796
4800 4796 4802
4802 4796 4799
4803 4804 4805
4803 4805 4806
4804 4807 4808
4804 4808 4805
4809 4810 4811
4809 4811 4801
4809 4801 4812
4812 4801 4800
4812 4800 4813
4813 4800 4802
4813 4802 4814
4814 4802 4799
4815 4809 4812
4815 4812 4813
4816 4817 4818
4818 4817 4819
4817 4820 4819
4819 4820 4821
4821 4820 4822
4821 4822 4799
4822 4814 4799
4814 4822 4820
4814 4823 4813
4814 4820 4823
4813 4824 4815
4813 4823 4824
4823 4825 4824
4825 4823 4820
4825 4820 4817
4826 4809 4815
4826 4815 4824
4809 4827 4810
4827 4809 4826
4810 4827 4828
4826 4824 4829
4824 4825 4829
4826 4830 4827
4829 4830 4826
4831 4817 4816
4817 4831 4825
4831 4816 4832
4825 4831 4833
4825 4833 4829
4831 4832 4834
4831 4834 4833
4833 4834 4835
4833 4835 4829
4829 4836 4830
4829 4835 4836
4837 4838 4839
4838 4837 4840
4839 4838 4269
4840 4841 4842
4840 4842 4838
4842 4841 4843
4843 4841 4844
4843 4844 4845
4845 4844 4846
4847 4848 4849
4849 4848 4850
4847 4851 4852
4847 4852 4848
4848 4853 4850
4850 4853 4854
4848 4852 4855
4848 4855 4853
4855 4852 4856
4853 4857 4854
4854 4857 4858
4854 4858 4859
4859 4858 4860
4859 4860 4861
4858 4862 4860
4862 4858 4863
4852 4851 4864
4852 4864 4856
4864 4851 4265
4864 4265 4264
4864 4865 4856
4856 4865 4866
4866 4865 4867
4866 4867 4863
4867 4868 4863
4863 4868 4862
4869 4864 4264
4864 4869 4865
4869 4264 4270
4865 4869 4870
4865 4870 4867
4869 4270 4870
4870 4270 4269
4870 4269 4838
4870 4838 4867
4838 4871 4867
4867 4871 4868
4838 4842 4871
4842 4843 4872
4871 4842 4872
4871 4872 4868
4873 4843 4845
4843 4873 4872
4731 4874 4135
4874 4731 4733
4874 4733 4875
4875 4733 4734
4875 4734 4876
4734 4132 4876
4872 4873 4877
4872 4877 4868
4868 4877 4862
4862 4878 4860
4862 4877 4878
4877 4873 4879
4878 4877 4879
4878 4880 4860
4878 4879 4880
4860 4881 4861
4860 4880 4881
4882 4883 4884
4882 4884 4885
4736 4886 4129
4129 4886 4887
4736 4738 4888
4736 4888 4886
4728 4889 4890
4889 4728 4727
4889 4727 4891
4891 4727 4729
4889 4891 4892
4891 4729 4893
4889 4894 4890
4894 4889 4892
4890 4894 4895
4894 4892 4896
4892 4897 4896
4895 4898 4899
4896 4897 4900
4897 4901 4900
4896 4900 4902
4902 4900 4903
4893 4729 4904
4904 4729 4730
4893 4905 4906
4905 4893 4904
4905 4904 4907
4907 4904 4730
4907 4730 4908
4908 4730 4721
4909 4910 4911
4909 4911 4912
4910 4909 4913
4910 4913 4914
4915 4916 4917
4915 4917 4918
4919 4132 4131
4132 4919 4876
4919 4131 4920
4919 4920 4921
4921 4920 4922
4919 4921 4923
4922 4923 4921
4919 4923 4876
4923 4924 4876
4924 4923 4922
4876 4924 4875
4875 4924 4925
4925 4924 4922
4875 4925 4874
4922 4926 4927
4922 4927 4925
4927 4874 4925
4136 4928 4926
4926 4928 4927
4928 4874 4927
4928 4136 4135
4928 4135 4874
4653 4929 4651
4651 4929 4652
4652 4929 4930
4653 4662 4931
4653 4931 4929
4931 4662 4932
4662 4661 4932
4932 4661 4933
4661 4663 4933
4933 4663 4934
4663 4664 4934
4934 4664 4935
4936 4937 4938
4937 4936 4939
4939 4207 4940
4939 4940 4937
4207 4206 4941
4207 4941 4940
4941 4206 4942
4943 4938 4944
4938 4937 4944
4937 4945 4944
4945 4937 4940
4940 4941 4946
4940 4946 4945
4941 4942 4947
4941 4947 4946
4948 4943 4944
4948 4944 4945
4949 4947 4942
4949 4942 4950
4947 4949 4951
4947 4951 4946
4946 4951 4952
4946 4952 4945
4945 4953 4948
4945 4952 4953
4948 4953 4954
4948 4954 4943
4943 4954 4955
4956 4949 4950
4956 4950 4146
4146 4145 4957
4146 4957 4956
4145 4958 4957
4959 4955 4960
4959 4960 4961
4960 4955 4954
4960 4954 4953
4962 4963 4961
4962 4961 4960
4962 4960 4953
4962 4953 4952
4964 4912 4963
4964 4963 4962
4964 4962 4952
4964 4952 4951
4964 4909 4912
4909 4964 4965
4965 4964 4951
4965 4951 4949
4965 4913 4909
4965 4949 4966
4966 4949 4956
4965 4967 4913
4967 4965 4966
4913 4967 4968
4913 4968 4914
4968 4969 4914
4968 4967 4970
4970 4967 4966
4966 4956 4971
4971 4956 4957
4966 4972 4970
4972 4966 4971
4957 4958 4973
4971 4957 4973
4958 4974 4973
4975 4976 4977
4977 4976 4978
4975 4979 4980
4975 4980 4976
4981 4982 4983
4982 4981 4984
4983 4985 4986
4985 4983 4982
4987 4988 4989
4988 4990 4989
4990 4991 4992
4991 4990 4988
4992 4991 4993
4994 4995 4987
4995 4988 4987
4988 4996 4991
4996 4988 4995
4991 4997 4993
4997 4991 4996
4994 4998 4999
4999 4998 5000
4994 4999 4995
4999 5000 5001
5001 5000 5002
4999 5003 4995
5003 4999 5001
4995 5004 4996
5004 4995 5003
4996 5004 4997
5005 4213 4212
4213 5005 5006
4212 4993 5005
5005 4993 5007
4993 4997 5007
5008 4216 5009
5008 5009 5010
5008 5010 5011
5010 5012 5011
5013 5014 4188
5014 5013 5015
5014 5015 5016
5014 5016 5017
5017 5016 5018
5017 5018 5019
5019 5018 5020
5017 5021 5014
5014 5021 4188
5021 4189 4188
4189 5021 5022
5022 5021 5023
5024 5017 5019
5017 5024 5021
5021 5024 5025
5021 5025 5023
5024 5019 5025
5023 5025 5026
5025 4761 5026
5025 5019 5027
5025 5027 4761
4761 5027 5028
4761 5028 4759
5029 5019 5020
5019 5029 5027
5029 5020 5030
5027 5029 5031
5027 5031 5028
5032 5033 5034
5034 5033 5035
5032 5036 5037
5032 5037 5033
5033 5037 5038
5033 5038 5035
5039 4883 5040
5035 5039 5040
4883 5039 5041
4883 5041 4884
5041 5039 5042
5042 5039 5035
5042 5035 5038
5043 4884 5041
5043 5041 5042
5043 5042 5038
5043 5038 5044
5038 5037 5044
5043 5045 4884
5043 5044 5045
5045 5044 5046
5044 5037 5046
5045 5047 4884
5045 5046 5047
4884 5047 5048
4884 5048 4885
5048 5049 4885
5049 5048 5050
5050 5048 5047
5050 5047 5051
5047 5052 5051
5052 5047 5053
5047 5046 5053
5052 5053 5054
5046 5055 5053
5054 5053 5055
5054 5055 5056
5046 5037 5057
5046 5057 5055
5055 5057 5058
5055 5058 5056
5058 4204 5056
5059 5057 5037
5057 5059 5058
5059 5037 5036
5058 5059 5060
5058 5060 4204
5060 5059 5036
5060 5036 4205
5060 4205 4204
4783 4782 5061
4783 5061 5062
5062 5061 5063
5061 4782 5064
4782 4778 5064
5064 4778 5065
5065 4778 4781
5064 5066 5061
5066 5063 5061
5067 5068 4784
5068 5067 5069
5068 5069 5070
5068 5071 4784
5071 4785 4784
4785 5071 5072
4785 5072 4781
5071 5068 5073
5071 5073 5072
5072 5073 5074
5072 5074 4781
5074 5065 4781
5065 5075 5064
5075 5065 5074
5075 5074 5073
5064 5076 5066
5076 5064 5075
5077 5073 5068
5077 5075 5073
5075 5077 5076
5077 5068 5070
5076 5078 5066
5078 5063 5066
5063 5078 4122
4122 5078 5079
4122 5079 4773
5076 5077 5080
5080 5077 5070
5076 5080 5078
5078 5080 5079
5080 5070 4776
5081 5082 5083
5083 5082 5084
4137 5085 4140
4140 5085 4742
4137 5086 5085
4742 5085 4740
5087 5088 5089
5088 5087 5090
5089 5091 5092
5089 5092 5087
5092 5091 5093
5093 5091 4151
5093 4151 4150
5093 4150 5094
5093 5095 5092
5093 5094 5095
5094 5096 5097
5095 5094 5097
5095 5097 5098
5095 5098 5092
5092 5098 5099
5092 5099 5087
5099 5100 5087
5087 5100 5090
5090 5100 5101
5102 5096 5103
5096 5102 5097
5103 5104 5102
5100 5105 5101
5101 5105 5106
5100 5099 5107
5100 5107 5105
5099 5098 5108
5099 5108 5107
5109 5106 5105
5106 5109 4142
4142 5109 4143
4143 5110 5111
4143 5109 5110
5109 5105 5110
5105 5107 5112
5110 5105 5112
5110 5113 5111
5110 5112 5113
5111 5113 5114
5113 5112 5115
5112 5107 5115
5107 5108 5116
5115 5107 5116
5108 5098 5117
5116 5108 5117
5116 5117 5118
5116 5118 5115
5115 5118 5119
5115 5119 5113
5117 5098 5120
5098 5097 5120
5117 5120 5121
5117 5121 5118
5118 5121 5122
5118 5122 5119
5121 5120 5123
5120 5097 5123
5123 5097 5102
5113 5119 5124
5113 5124 5114
5114 5124 5125
5119 5122 5126
5119 5126 5124
5124 5126 5127
5124 5127 5125
5125 5127 5128
5128 5129 5130
5128 5127 5129
5130 5131 5132
5130 5129 5131
5129 5133 5131
5133 5129 5127
5133 5127 5126
4634 5134 5135
4634 5135 4631
5135 5136 4631
4631 5136 4635
4772 5137 4771
5137 4772 5138
5137 5138 4791
4624 4627 5139
4627 5140 5139
4624 5141 4789
4624 5139 5141
4789 5142 4792
4789 5141 5142
4792 5143 4790
4792 5142 5143
4790 5144 4791
4790 5143 5144
4791 5144 5137
4636 4635 5145
4636 5145 5146
4635 5136 5147
4635 5147 5145
5148 5149 5150
5148 5150 5151
5152 5153 5154
5152 5154 5155
4832 5156 4834
5156 4835 4834
5156 4832 5157
5156 5158 4835
4835 5158 4836
5159 4828 4827
5159 4827 4830
4828 5159 5160
4836 5158 5161
4836 5161 4830
4830 5162 5159
4830 5161 5162
4807 5160 5163
4807 5163 4808
5163 5160 5164
5164 5160 5159
5165 5166 4698
5166 4699 4698
4699 5166 5167
4699 5167 4748
5085 5168 4740
5168 5085 5086
4740 5169 4743
5169 4740 5168
5168 5086 5170
5170 5086 5171
5102 5104 5172
5102 5172 5123
5122 5121 5173
5122 5173 5126
5126 5173 5133
5173 5121 5174
5121 5123 5174
5174 5123 5175
5123 5172 5175
5174 5175 5176
5172 5176 5175
5174 5176 5177
5174 5177 5173
5173 5177 5178
5173 5178 5133
5177 5179 5178
5179 5177 5176
5131 5133 5180
5133 5178 5180
5178 5179 5181
5180 5178 5181
5180 5181 5182
5180 5182 5131
5181 5183 5182
5183 5181 5179
5132 5131 5184
5131 5182 5184
5132 5185 5186
5184 5185 5132
5186 5185 4777
5185 5184 5187
5187 5184 5182
5187 5182 5183
5187 5188 5185
5183 5179 5189
5185 5190 4777
5190 5185 5188
4777 5190 4775
4775 5191 4776
5190 5191 4775
4776 5192 5080
5192 4776 5191
5080 5192 5079
5079 5192 5193
5079 5193 4773
5193 5194 4773
5194 4774 4773
4774 5194 5195
5196 5192 5191
5192 5196 5193
5196 5197 5193
5197 5194 5193
5196 5191 5198
5198 5191 5190
5198 5190 5188
5198 5188 5199
5199 5188 5200
5198 5199 5196
5199 5197 5196
5197 5199 5200
5197 5200 5201
5202 5189 5179
5202 5179 5176
5189 5202 5203
5203 5204 5201
5202 5204 5203
5201 5205 5197
5205 5201 5204
5197 5205 5194
5194 5205 5195
5195 5205 5204
5195 5204 5206
5206 5204 5207
5207 5204 5202
5206 5207 5208
5202 5176 5209
5209 5176 5172
5202 5209 5207
5207 5209 5208
5209 5172 5104
5208 5209 5104
5210 4714 4715
5210 4715 4899
5211 5029 5030
5029 5211 5031
5211 5030 5212
4222 5213 4223
5213 4222 4758
4223 5213 5214
5213 4758 5215
4758 4759 5215
5215 4759 5216
4759 5028 5216
5028 5031 5217
5216 5028 5217
5031 5211 5218
5217 5031 5218
5211 5212 5219
5218 5211 5219
5212 5220 5219
5220 5221 5222
5219 5220 5222
5221 5223 5224
5222 5221 5224
5222 5225 5219
5219 5225 5218
5222 5224 5226
5222 5226 5225
5225 5227 5218
5218 5227 5217
5225 5226 5228
5225 5228 5227
5227 5229 5217
5217 5229 5216
5227 5228 5230
5227 5230 5229
5215 5216 5231
5229 5231 5216
5231 5229 5232
5232 5229 5230
5233 5213 5215
5233 5215 5231
5213 5233 5214
5214 5233 5234
5234 5233 5235
5233 5231 5235
5234 5235 5236
5231 5237 5235
5237 5231 5232
5235 5237 5236
5236 5237 5238
5237 5239 5238
5240 4969 4968
4969 5240 5241
5240 4968 4970
4974 4916 5242
4974 5242 4973
5242 4971 4973
5242 4916 5243
5243 4916 4915
5242 5243 5244
5242 5244 4971
5244 4972 4971
5245 5240 4970
5245 4970 4972
5240 5245 5246
5240 5246 5241
5241 5246 5247
5241 5247 5248
5248 5247 5249
5248 5249 5250
5250 5249 5251
5250 5251 5252
5252 5251 5253
5252 5253 4846
4846 5253 4845
4845 5253 5254
5253 5251 5254
4845 5254 4873
5255 5247 5246
5255 5246 5245
5255 5245 5256
5256 5245 4972
5256 4972 5244
5256 5244 5257
5257 5244 5243
5256 5258 5255
5258 5256 5257
5255 5258 5259
5257 5259 5258
5255 5260 5247
5260 5255 5259
5243 5261 5257
5261 5243 4915
5257 5261 5259
5259 5262 5260
5259 5261 5262
5260 5263 5247
5260 5262 5263
5247 5263 5249
5249 5264 5251
5249 5263 5264
5251 5264 5265
5251 5265 5254
5264 5263 5266
5264 5266 5265
5266 5263 5262
5262 5261 5267
5261 4915 5267
5262 5267 5266
5267 4915 5268
4915 4918 5268
4918 5269 5270
5268 4918 5270
5268 5271 5267
5270 5271 5268
5267 5272 5266
5272 5265 5266
5272 5267 5271
5254 5265 5273
5273 5265 5272
5273 5272 5274
5274 5272 5271
5274 5271 5270
4873 5254 5275
5275 5254 5273
4873 5275 4879
4879 5275 4880
5275 5273 5276
5276 5273 5274
5276 5274 5270
5276 4880 5275
4880 5276 4881
5269 5277 5270
5277 5276 5270
5277 5269 4861
5277 4861 4881
5277 4881 5276
5278 5239 5237
5278 5237 5232
5278 5232 5279
5232 5230 5279
5278 5280 5239
5279 5280 5278
5239 5280 5281
5279 5230 5282
5282 5230 5228
5279 4794 5280
4794 5279 5282
5280 5283 5281
5283 5280 4794
5281 5283 5284
5228 5226 5285
5228 5285 5282
5282 5286 4794
5285 5286 5282
5285 5226 5287
5285 5287 5286
5226 5224 5288
5226 5288 5287
5283 4794 4793
4794 5286 4795
5286 4261 4795
4261 5286 5287
4261 5287 4262
4262 5287 5288
4262 5288 5289
5288 5224 5290
5289 5288 5290
5224 5223 5291
5290 5224 5291
5290 5292 5289
5292 5293 5289
5284 5283 5294
5283 4793 5294
5284 5294 5295
5294 4793 5296
5296 4793 5297
5296 5297 5293
5298 5295 5294
5298 5294 5296
5295 5298 5299
5296 5293 5300
5300 5293 5292
5296 5301 5298
5301 5296 5300
5298 5302 5299
5302 5298 5301
5299 5302 5303
5303 5302 5304
5305 5306 5223
5223 5306 5291
5305 5307 5308
5305 5308 5306
5307 5309 5310
5307 5310 5308
5309 5149 5310
5308 5310 5311
5308 5311 5306
5306 5311 5312
5306 5312 5291
5291 5312 5290
5290 5312 5292
5312 5311 5313
5292 5312 5313
5292 5313 5300
5300 5313 5314
5300 5314 5301
5313 5311 5315
5313 5315 5314
5311 5310 5316
5311 5316 5315
5302 5301 5317
5317 5301 5314
5302 5318 5304
5318 5302 5317
5304 5318 5319
5319 5320 5321
5319 5318 5320
5321 5322 5323
5321 5320 5322
5324 5314 5315
5314 5324 5317
5317 5325 5318
5324 5325 5317
5318 5325 5320
4752 4748 5326
4752 5326 4753
4753 5326 5327
4748 5167 5328
4748 5328 5326
5328 5329 5326
5326 5329 5327
5327 5329 5330
5330 5331 5332
5330 5329 5331
5331 5329 5333
5333 5329 5328
5012 5334 5335
5012 5335 5011
4217 4216 5336
5336 4216 5008
4217 5336 5337
5008 5337 5336
4217 5337 5338
5337 5008 5339
5339 5008 5011
5337 5340 5338
5340 5337 5339
5340 5339 5341
5339 5011 5341
5341 5011 5342
5011 5335 5342
5343 5344 5345
5345 5344 5346
5346 5344 5347
5346 5347 5348
5348 5347 5349
5348 5349 5350
5350 5349 5351
5350 5351 5352
4982 4984 5353
5353 4984 4148
5354 5355 5356
5356 5355 5357
5358 5359 5360
5359 5358 5361
5358 5360 5362
5361 5358 5363
5361 5363 5364
5358 5362 5365
5358 5365 5363
5365 5362 5366
5366 5362 5367
5366 5367 5368
5369 5370 5371
5370 5369 5372
5371 5370 5373
5372 5374 5370
5374 5372 5375
5376 5364 5363
5364 5376 5377
5363 5365 5378
5363 5378 5376
5378 5365 5379
5379 5365 5366
5379 5366 5368
5376 5378 5380
5376 5380 5377
5377 5380 5381
5381 5380 5375
5375 5380 5374
5374 5380 5382
5380 5378 5382
5382 5378 5383
5383 5378 5379
5383 5379 5368
5384 5374 5382
5384 5382 5383
5374 5384 5370
5370 5385 5373
5370 5384 5385
5373 5385 5386
5385 5384 5387
5384 5383 5387
5387 5383 5368
5386 5385 5388
5388 5385 5387
5386 5388 5368
5387 5368 5388
5389 5149 5148
5149 5389 5310
5310 5389 5316
5316 5389 5390
5316 5390 5315
5389 5148 5391
5389 5391 5390
5148 5392 5391
5392 5148 5151
5151 4806 5393
5151 5393 5392
5393 4806 4805
5390 5391 5394
5390 5394 5315
5394 5324 5315
5324 5394 5395
5324 5395 5325
5325 5396 5320
5395 5396 5325
5320 5397 5322
5397 5320 5396
5322 5398 5323
5398 5322 5399
5323 5398 5400
5394 5391 5401
5394 5401 5395
5395 5401 5402
5395 5402 5396
5396 5402 5397
5397 5402 5403
5402 5155 5403
5155 5402 5401
5155 5404 5152
5401 5404 5155
5404 5401 5391
5404 5391 5392
5404 5392 5152
5392 5393 5152
5152 5393 5405
5152 5405 5153
5393 4805 5405
4805 4808 5406
5405 4805 5406
4808 5163 5407
5406 4808 5407
5163 5164 5408
5407 5163 5408
5164 5409 5408
5409 5164 5159
5409 5159 5162
5409 5410 5408
5408 5411 5407
5407 5411 5412
5407 5412 5406
5411 5413 5412
5410 5409 5414
5414 5409 5162
5414 5162 5161
5405 5406 5415
5405 5415 5153
5406 5412 5416
5406 5416 5415
5412 5413 5417
5412 5417 5416
5416 5417 5418
5416 5418 5415
5417 5413 5419
5417 5419 5418
5419 5413 5420
5418 5421 5415
5415 5421 5153
5153 5421 5399
5421 5398 5399
5422 5418 5419
5418 5422 5421
5421 5422 5398
5398 5422 5400
5422 5419 5400
5400 5419 5423
5419 5420 5423
5423 5420 5424
5424 5420 5425
5420 5426 5425
5424 5425 5427
5425 5157 5427
5157 5425 5156
5156 5425 5158
5428 4762 5429
4762 4764 5429
5429 4764 5430
5430 4764 4767
5430 4767 5431
4767 4771 5431
5431 4771 5432
5432 4771 5137
5431 5433 5430
5433 5431 5432
5432 5137 5434
5137 5144 5434
5432 5434 5433
5434 5144 5435
5144 5143 5435
5143 5436 5435
5436 5143 5142
5435 5437 5434
5437 5435 5436
5434 5438 5433
5438 5434 5437
5439 5440 5441
5440 5439 5442
5439 5441 5428
5439 5428 5429
5439 5443 5442
5442 5443 5444
5444 5443 5445
5444 5445 5446
5446 5445 5134
5429 5447 5439
5439 5447 5443
5447 5429 5430
5443 5447 5448
5443 5448 5445
5447 5430 5448
5448 5430 5433
5448 5433 5449
5449 5433 5438
5448 5449 5445
5449 5438 5450
5450 5438 5437
5449 5451 5445
5451 5449 5450
5445 5451 5134
5134 5451 5135
5451 5452 5135
5452 5136 5135
5452 5451 5450
5452 5450 5437
5452 5437 5436
5452 5436 5136
5136 5436 5142
5136 5142 5453
5136 5453 5147
5142 5141 5453
5147 5453 5454
5141 5454 5453
5147 5455 5145
5455 5147 5454
5454 5141 5456
5141 5139 5456
5139 5457 5456
5457 5139 5140
5457 5140 5458
5457 5458 5459
5458 5460 5459
5459 5460 5461
5461 5460 5084
5459 5461 5462
5084 5462 5461
5456 5463 5454
5463 5456 5457
5463 5457 5459
5463 5459 5464
5464 5459 5462
5464 5462 5465
5465 5462 5084
5464 5466 5463
5466 5464 5465
5454 5467 5455
5467 5454 5463
5467 5463 5466
5455 5468 5145
5145 5468 5146
5146 5468 5081
5081 5468 5469
5081 5469 5082
5455 5467 5470
5455 5470 5468
5467 5466 5470
5468 5470 5469
5469 5470 5471
5469 5471 5082
5470 5466 5471
5466 5465 5471
5471 5465 5472
5471 5472 5082
5472 5084 5082
5084 5472 5465
5473 5474 4637
5474 4638 4637
4638 5474 5475
4638 5475 4640
5476 5477 4642
5476 4642 4641
5476 4641 5478
5478 4641 4640
4640 5475 5479
4640 5479 5478
5478 5480 5476
5479 5480 5478
5480 5479 5481
5481 5479 5475
5481 5475 5482
5475 5474 5482
5483 5477 5476
5483 5476 5480
5477 5483 4935
4935 5483 4934
5481 5484 5480
5484 5483 5480
5483 5484 4934
4934 5484 4933
5474 5485 5482
5485 5474 5473
5485 5473 4930
5485 4930 4929
5485 5486 5482
5486 5481 5482
5486 5485 4929
5486 4929 4931
5486 5487 5481
5487 5484 5481
5487 5486 4931
5487 4933 5484
4933 5487 4932
4932 5487 4931
5488 4725 5489
5489 4725 4724
5489 4724 5490
4721 5488 5491
5491 5488 5489
4721 5492 4908
5492 4721 5491
5491 5489 5493
5493 5489 5490
5493 5490 5494
5495 5496 4211
5496 5495 5497
5495 4211 4717
4717 4716 4908
4717 4908 5495
4716 5498 4907
4716 4907 4908
4908 5492 5495
4907 5498 4905
4905 5498 4887
4905 4887 4906
4906 4887 4886
4906 4886 4901
4886 4888 4901
4901 4888 5499
4901 5499 4900
4900 5499 5500
4900 5500 4903
5499 4888 5501
5499 5501 5500
5501 4888 5502
5502 4888 4738
5502 4738 5503
5503 4738 4737
5503 4737 5504
5503 5504 5505
5505 5504 5506
5506 5507 5508
5506 5508 5505
5508 5509 5505
5505 5509 5503
5503 5509 5502
5492 5510 5495
5495 5510 5497
5497 5510 5511
5491 5512 5492
5512 5510 5492
5491 5493 5513
5491 5513 5512
5513 5493 5514
5514 5493 5494
5514 5494 5515
5511 5516 5517
5517 5516 5518
5511 5510 5519
5511 5519 5516
5510 5512 5519
5512 5513 5520
5519 5512 5520
5519 5520 5516
5521 5513 5514
5513 5521 5520
5521 5514 5522
5522 5514 5515
5522 5515 5523
5520 5521 5524
5520 5524 5516
5521 5522 5525
5521 5525 5524
5524 5526 5516
5516 5526 5518
5518 5526 5527
5524 5525 5528
5524 5528 5526
5526 5528 5527
5522 5523 5529
5527 5529 5523
5522 5529 5525
5525 5529 5530
5525 5530 5528
5530 5529 5527
5528 5530 5527
5425 5426 5531
5425 5531 5158
5158 5531 5161
5161 5531 5414
5414 5531 5410
5410 5531 5426
5532 5353 4148
5532 4148 4147
5532 4147 5533
5532 5534 5353
5532 5533 5534
5353 5535 4982
5353 5534 5535
4982 5536 4985
4982 5535 5536
5535 5534 5537
5534 5533 5537
5535 5538 5536
5535 5537 5538
5537 5533 5539
5539 5533 5540
5539 5540 5338
5539 5338 5340
5541 5344 5343
5541 5343 5542
5344 5541 5543
5344 5543 5347
5347 5543 5544
5347 5544 5349
5543 5341 5544
5349 5544 5341
5543 5340 5341
5341 5342 5349
5349 5342 5351
5351 5342 5545
5342 5335 5545
5351 5545 5546
5351 5546 5352
5352 5546 5354
5335 5547 5545
5547 5335 5334
5547 5334 5548
5549 5546 5545
5549 5545 5547
5550 5340 5543
5340 5550 5539
5543 5541 5551
5543 5551 5550
5551 5541 5552
5541 5542 5552
5542 4978 5552
4978 4976 5553
5552 4978 5553
5552 5554 5551
5554 5550 5551
5554 5552 5553
5553 4976 5555
5553 5555 5554
4976 4980 5556
4976 5556 5555
5555 5557 5554
5557 5550 5554
5550 5557 5539
5539 5557 5537
5556 5558 5555
5558 5557 5555
5557 5558 5537
5537 5558 5538
5538 5559 5536
5558 5559 5538
5536 5560 4985
5560 5536 5559
4985 5561 4986
5561 4985 5560
4986 5561 5002
5002 5561 5001
5562 5558 5556
5558 5562 5559
5559 5563 5560
5559 5562 5563
5560 5564 5561
5563 5564 5560
5561 5564 5001
5001 5564 5003
5565 5556 4980
5556 5565 5562
5562 5565 5566
5562 5566 5563
5565 4980 5567
5565 5567 5566
4980 4979 5568
4980 5568 5567
5568 4979 5006
5567 5569 5566
5566 5569 5563
5563 5570 5564
5563 5569 5570
5564 5570 5003
5003 5570 5004
5547 5548 5571
5548 5572 5571
5547 5571 5549
5571 5572 5573
5573 5572 5357
5357 5355 5574
5357 5574 5573
5574 5571 5573
5571 5574 5575
5574 5355 5575
5571 5575 5549
5575 5355 5576
5576 5355 5354
5575 5576 5549
5354 5546 5576
5549 5576 5546
5577 5006 5005
5006 5577 5568
5577 5567 5568
5007 5578 5005
5005 5578 5577
5578 5567 5577
5567 5578 5569
5578 5007 5579
5579 5007 4997
5578 5579 5569
5579 4997 5004
5579 5004 5570
5579 5570 5569
5580 4705 4707
5580 4707 4744
4705 5581 4708
5581 4705 5580
5580 4744 5582
4744 4743 5582
4743 5583 5582
5583 4743 5169
5582 5584 5580
5584 5582 5583
5580 5585 5581
5585 5580 5584
5585 5584 5586
5586 5584 5583
5586 5583 5587
5587 5583 5169
5587 5169 5588
5588 5169 5168
5588 5168 5589
5168 5170 5589
5590 4703 4702
4703 5590 5591
5591 5590 5592
5591 5592 5593
5593 5592 5594
5593 5594 5165
5165 5594 5595
5165 5595 5166
5595 5596 5166
5596 5167 5166
5595 5594 5597
5595 5597 5596
4709 4708 5598
4709 5598 5599
4708 5600 5598
5600 4708 5581
5598 5601 5599
5599 5601 5507
5507 5601 5602
5507 5602 5508
5602 5603 5508
5603 5509 5508
5602 5601 5604
5602 5604 5603
5598 5600 5605
5598 5605 5601
5601 5605 5606
5601 5606 5604
5607 4711 5608
5607 5608 4701
4701 5608 5609
4701 5609 4702
4702 5609 5610
4702 5610 5590
5590 5610 5611
5590 5611 5592
5592 5611 5612
5592 5612 5594
5594 5612 5613
5594 5613 5597
5597 5613 5614
5597 5614 5596
5613 5612 5615
5596 5614 5616
5616 5614 5617
5596 5616 5167
5167 5616 5618
5167 5618 5328
5618 5619 5328
5328 5619 5333
5619 5620 5333
5620 5331 5333
5621 5618 5616
5618 5621 5619
5621 5616 5617
5621 5617 5622
5621 5622 5623
5621 5623 5619
5619 5623 5624
5619 5624 5620
5622 5625 5626
5622 5626 5623
5620 5627 5331
5627 5332 5331
5332 5627 5628
5628 5627 5629
5624 5630 5620
5630 5627 5620
5627 5630 5629
5629 5630 5171
5171 5630 5631
5631 5630 5624
5631 5624 5623
5631 5170 5171
5170 5631 5632
5631 5623 5632
5170 5632 5589
5632 5623 5626
5589 5632 5626
5589 5626 5588
5588 5633 5587
5588 5626 5633
5626 5625 5633
5587 5634 5586
5633 5634 5587
5633 5625 5635
5625 5615 5635
5633 5635 5634
5635 5615 5636
5636 5615 5612
5635 5637 5634
5637 5635 5636
5634 5638 5586
5638 5634 5637
5586 5639 5585
5639 5586 5638
5637 5636 5640
5640 5636 5612
5640 5612 5611
5585 5641 5581
5641 5585 5639
5581 5642 5600
5642 5581 5641
5600 5643 5605
5643 5600 5642
5610 5644 5611
5611 5644 5640
5610 5609 5645
5610 5645 5644
5609 5608 5646
5609 5646 5645
5646 5647 5645
5647 5644 5645
5644 5647 5648
5644 5648 5640
5640 5648 5637
5648 5638 5637
5638 5649 5639
5649 5638 5648
5639 5649 5641
5641 5650 5642
5649 5650 5641
5642 5651 5643
5651 5642 5650
5650 5649 5652
5652 5649 5648
5652 5648 5647
5651 5650 5653
5653 5650 5652
5653 5652 5654
5654 5652 5647
5654 5647 5646
5605 5655 5606
5655 5605 5643
5606 5656 5604
5656 5606 5655
5604 5656 5657
5604 5657 5603
5603 5657 5658
5603 5658 5509
5509 5658 5659
5509 5659 5502
5502 5659 5501
5608 4711 5660
5660 4711 4710
5608 5660 5661
5608 5661 5646
5660 4710 5662
5660 5662 5661
5661 5663 5646
5646 5663 5654
5663 5664 5654
5654 5664 5653
5653 5664 5665
5653 5665 5651
5666 5662 4710
5666 4710 4714
5662 5666 5667
5666 4714 5668
5668 4714 5210
5666 5669 5667
5669 5666 5668
5670 5501 5659
5501 5670 5500
5659 5658 5671
5659 5671 5670
5658 5657 5672
5658 5672 5671
5657 5656 5673
5657 5673 5672
5656 5674 5673
5672 5673 5667
5674 5656 5655
5667 5669 5672
5669 5671 5672
5671 5669 5668
5671 5668 5670
5670 5668 5675
5675 5668 5210
5670 5676 5500
5676 5670 5675
5676 5675 5210
5676 4903 5500
5210 4899 5677
5210 5677 5676
5677 4903 5676
5677 4899 4898
5677 4898 4903
5643 5678 5655
5655 5678 5674
5678 5665 5674
5678 5643 5651
5678 5651 5665
5679 4198 4197
4198 5679 5680
4197 4596 5679
5680 5679 5681
5680 5681 5682
5682 5683 4592
5682 5681 5683
4592 5683 5684
5681 5684 5683
4592 5684 4593
5679 5685 5681
5685 5684 5681
5684 5685 4593
4593 5685 4594
5685 4595 4594
4595 5686 4596
5686 4595 5685
5686 5685 5679
5686 5679 4596
4160 5687 5688
4160 5688 4161
4161 5688 5689
5690 5691 5692
5691 5690 5693
5691 5693 5694
5691 5694 5695
5692 5696 5697
5696 5692 5691
5697 5698 5687
5698 5697 5696
5687 5698 5699
5687 5699 5688
5699 5700 5688
5688 5700 5689
5689 5700 5701
5700 5699 5702
5699 5698 5702
5691 5695 5703
5691 5703 5696
5695 5704 5703
5696 5703 5705
5696 5705 5698
5698 5706 5702
5698 5705 5706
5707 4163 4162
4163 5707 5708
5707 4162 5709
5710 5711 5712
5710 5712 5713
5711 5714 5715
5714 5711 5710
5716 5717 5718
5717 5716 5719
5716 5720 5719
5719 5720 5721
5716 5718 5722
5716 5722 5720
5722 5718 5723
5723 5708 5724
5723 5724 5722
5715 5725 4166
5725 5715 5714
4166 5725 4167
5710 5713 5726
5713 5727 5726
5710 5728 5714
5726 5728 5710
5714 5729 5725
5729 5714 5728
5703 5704 5730
5703 5730 5705
5704 5731 5730
5705 5732 5706
5705 5730 5732
5702 5733 5700
5700 5733 5701
5701 5733 5734
5733 5702 5735
5702 5706 5735
5735 5706 5736
5706 5732 5736
5737 4167 5725
5737 5725 5729
4167 5737 5738
5738 5737 5739
5740 5741 5709
5741 5707 5709
5741 5740 5742
5741 5743 5707
5707 5743 5708
5708 5743 5744
5708 5744 5724
5742 5745 5741
5741 5745 5743
5745 5742 5746
5745 5746 5739
5745 5747 5743
5743 5747 5744
5745 5739 5747
5739 5737 5747
5737 5744 5747
5744 5737 5729
5744 5729 5724
5724 5729 5728
5724 5728 5748
5724 5748 5722
5748 5728 5749
5749 5728 5726
5749 5726 5750
5726 5727 5750
5722 5748 5751
5722 5751 5720
5748 5749 5752
5748 5752 5751
5752 5749 5753
5749 5750 5753
5750 5727 5754
5754 5727 5755
5750 5754 5753
5755 5756 5754
5756 5755 5757
5754 5758 5753
5758 5754 5756
5753 5759 5752
5759 5753 5758
5752 5759 5751
5751 5760 5720
5751 5759 5760
5720 5761 5721
5720 5760 5761
5721 5761 5762
5760 5759 5763
5763 5759 5758
5760 5764 5761
5764 5760 5763
5761 5765 5762
5765 5761 5764
5762 5765 5766
5765 5767 5766
5767 5765 5768
5767 5768 5769
5768 5765 5770
5769 5768 5770
5765 5764 5770
5764 5771 5770
5770 5771 5769
5771 5764 5763
5763 5758 5772
5772 5758 5756
5763 5772 5771
5771 5772 5773
5771 5773 5769
5773 5774 5769
5774 5775 5769
5775 5774 5757
5774 5773 5772
5757 5774 5756
5772 5756 5774
4576 4545 5776
4576 5776 4583
4583 5777 4582
5776 4545 5778
4545 4546 5778
5778 4546 4549
5778 4549 5779
5779 4549 4548
5779 4548 5780
5780 4582 5777
4582 5780 4580
4580 5781 4581
4580 5780 5781
4581 5781 4548
5780 4548 5781
5782 4182 5783
5782 5783 4179
4179 5783 5784
4179 5784 4180
4180 5784 5785
5784 5783 5786
5785 5784 5786
5787 5788 5789
5787 5789 4177
5788 5790 5791
5790 5788 5787
5792 5793 5794
5792 5794 5795
5795 5794 5796
5797 5798 5793
5793 5798 5794
5794 5798 5799
5794 5799 5796
5796 5799 5800
5801 5802 5803
5801 5803 4186
5801 4186 5804
4186 4185 5804
5801 5804 5805
4185 5805 5804
5805 4185 5806
5807 5808 5809
5808 5807 5810
5811 5801 5805
5811 5805 5806
5811 5806 5812
5811 5812 5813
5814 5815 4169
4169 5815 4170
5815 5816 4170
5816 5815 5814
4170 5816 5817
5818 5819 5820
5820 5819 5814
5818 5791 5821
5818 5821 5819
5822 5823 4176
5823 5822 5824
4176 5823 4177
5824 4177 5823
4177 5825 5787
5825 4177 5824
5825 5824 5826
5825 5827 5787
5825 5826 5827
5827 5826 5828
5787 5829 5790
5829 5787 5827
5827 5828 5830
5830 5828 5831
5830 5831 5832
5833 5829 5827
5833 5827 5830
5834 5835 5802
5834 5802 5801
5834 5801 5836
5836 5801 5811
5811 5813 5837
5811 5837 5836
5813 5800 5837
5837 5800 5799
5837 5799 5838
5837 5838 5836
5799 5798 5839
5799 5839 5838
5839 5798 5840
5838 5839 5840
5798 5841 5840
5841 5798 5797
5840 5842 5838
5842 5836 5838
5836 5842 5843
5836 5843 5834
5841 5844 5840
5844 5841 5797
5844 5797 5810
5844 5810 5807
5844 5845 5840
5840 5845 5842
5845 5844 5807
5842 5845 5846
5842 5846 5843
5845 5807 5846
5807 5809 5847
5846 5807 5847
5809 5848 5849
5847 5809 5849
5848 5835 5850
5849 5848 5850
5835 5834 5850
5850 5834 5843
5849 5851 5847
5851 5849 5850
5847 5851 5846
5851 5850 5843
5846 5851 5843
5852 5814 5819
5814 5852 5816
5819 5821 5853
5819 5853 5852
5852 5853 5816
5816 5853 5817
5817 5854 5855
5853 5854 5817
5853 5821 5856
5853 5856 5854
5856 5821 5857
5821 5791 5857
5857 5791 5790
5857 5790 5858
5790 5829 5858
5857 5858 5856
5829 5859 5858
5859 5829 5833
5858 5860 5856
5860 5858 5859
5856 5860 5854
5860 5861 5854
5861 5860 5859
5783 4182 5862
5862 4182 4181
5862 4181 5863
5862 5864 5783
5783 5864 5786
5786 5864 5865
5786 5865 5785
5785 5865 5866
5785 5866 5867
5864 5862 5868
5868 5862 5863
5864 5868 5869
5864 5869 5865
5868 5863 5870
5868 5870 5869
5870 5863 5871
5870 5871 5872
5872 5871 5855
5872 5855 5854
5872 5854 5861
5872 5861 5870
5870 5861 5869
5869 5861 5873
5873 5861 5859
5869 5873 5865
5859 5874 5873
5874 5859 5833
5873 5874 5865
5865 5874 5866
5874 5833 5875
5875 5833 5830
5875 5830 5876
5876 5830 5832
5876 5832 5877
5876 5877 5878
5875 5879 5874
5879 5875 5876
5874 5879 5866
5866 5879 5867
5879 5876 5878
5867 5879 5878
4376 5880 5881
5880 5882 5881
5880 4376 4375
4375 4374 5883
4375 5883 5880
4374 4367 5884
4374 5884 5883
4367 4366 5885
4367 5885 5884
4366 4352 5885
5885 4352 5886
5886 4352 4351
5886 4351 5887
4351 4354 5887
5887 4354 5888
5888 4354 4364
4364 4363 5889
4364 5889 5888
4363 4362 5890
4363 5890 5889
4362 4361 5890
5888 5891 5887
5891 5888 5889
5887 5892 5886
5892 5887 5891
5886 5892 5885
5890 4361 5893
4361 4360 5893
5893 4360 5894
4360 4358 5894
5893 5895 5890
5894 5895 5893
5894 4358 5896
4358 4191 5896
5896 4191 5897
5898 5895 5894
5898 5894 5896
5883 5899 5880
5899 5882 5880
5882 5899 5900
5884 5901 5883
5901 5899 5883
5899 5901 5902
5899 5902 5900
5900 5902 5897
5897 5902 5896
5902 5898 5896
5898 5902 5901
5898 5903 5895
5898 5901 5903
5903 5901 5884
5890 5895 5904
5904 5895 5903
5890 5904 5889
5889 5905 5891
5889 5904 5905
5905 5904 5903
5905 5903 5884
5884 5885 5906
5884 5906 5905
5906 5891 5905
5891 5906 5892
5892 5906 5885
5735 5907 5733
5733 5907 5734
5734 5907 5908
5735 5736 5909
5735 5909 5907
5907 5909 5908
5909 5736 5910
5908 5909 5910
5736 5911 5910
5911 5736 5732
5910 5911 5908
5732 5912 5911
5912 5732 5730
5911 5912 5908
5730 5731 5912
5908 5912 5731
5913 5914 5915
5913 5915 5916
5913 5916 5917
5916 5918 5917
5919 5920 5921
5921 5920 5922
5922 5920 5923
5922 5923 5924
5923 5925 5924
5924 5925 5926
5926 5925 5927
5926 5927 5928
5920 5929 5923
5929 5925 5923
5930 5931 5932
5930 5932 5933
5930 5933 5934
5933 5935 5934
5934 5935 5936
5936 5935 5928
5934 5937 5930
5937 5934 5936
5937 5936 5938
5938 5936 5928
5937 5938 5939
5928 5939 5938
5939 5928 5927
5939 5940 5937
5939 5927 5940
5940 5927 5925
5941 5930 5937
5941 5937 5940
5941 5940 5942
5942 5940 5925
5942 5925 5929
5929 5920 5943
5929 5943 5942
5920 5919 5944
5920 5944 5943
5919 5945 5946
5919 5946 5944
5946 5945 5947
5944 5946 5948
5944 5948 5943
5949 5931 5930
5949 5930 5941
5931 5950 5951
5950 5931 5949
5951 5952 5953
5952 5951 5950
5950 5949 5954
5954 5949 5941
5950 5955 5952
5955 5950 5954
5955 5954 5956
5954 5941 5956
5956 5941 5942
5956 5942 5943
5956 5957 5955
5956 5943 5957
5957 5943 5948
5958 5952 5955
5958 5955 5957
5958 5957 5959
5957 5948 5959
5959 5948 5960
5960 5948 5946
5946 5947 5961
5946 5961 5960
5961 5947 5962
5963 5953 5964
5964 5953 5952
5964 5952 5958
5965 5963 5966
5966 5963 5964
5964 5958 5967
5967 5958 5959
5964 5968 5966
5968 5964 5967
5968 5967 5969
5969 5967 5959
5969 5959 5960
5969 5960 5970
5970 5960 5961
5961 5962 5971
5961 5971 5970
5972 5968 5969
5970 5972 5969
5972 5970 5973
5973 5970 5971
5974 5918 5975
5974 5975 5965
5974 5965 5966
5917 5918 5976
5976 5918 5974
5917 5977 5913
5977 5917 5976
5976 5974 5978
5978 5974 5966
5978 5966 5968
5978 5968 5972
5977 5976 5979
5979 5976 5978
5977 5979 5980
5978 5980 5979
5980 5978 5981
5981 5978 5972
5981 5972 5973
5982 5914 5913
5914 5982 5983
5984 5985 5986
5986 5985 5987
5984 5988 5989
5984 5989 5985
4229 5990 5991
5990 4229 4228
5990 4228 5992
5992 4228 5993
5990 5992 5994
5990 5994 5991
5991 5994 5995
5995 5996 5988
5995 5994 5996
5988 5996 5997
5988 5997 5989
5997 5998 5989
5989 5998 5985
4231 5983 5999
4231 5999 4232
4232 5999 6000
4232 6000 6001
6001 6000 6002
6001 6002 6003
6003 6002 5993
5993 6002 5992
6002 6000 6004
6000 5999 6004
6004 5999 6005
5999 5983 6005
6005 5983 5982
6005 5982 6004
5982 5913 6006
6004 5982 6006
5913 6007 6006
6007 5913 5977
6007 5977 6008
6008 5977 5980
6008 5980 6009
6009 5980 5981
6009 5981 6010
5981 5973 6010
6010 5973 5971
6010 6011 6009
6010 5971 6011
5971 5962 6011
6011 5962 5987
6011 5987 5985
6011 5985 6009
5985 5998 6009
6009 5998 6008
6008 6012 6007
5998 6012 6008
6012 5998 6013
6013 5998 5997
6012 6013 6014
5997 6014 6013
6014 5997 5996
6015 6007 6012
6007 6015 6006
6012 6014 6015
6014 5996 6016
6016 5996 5994
6014 6016 6015
6016 5994 5992
6015 6017 6006
6006 6017 6004
6017 6015 6016
6017 6016 5992
6017 5992 6002
6017 6002 6004
6018 6019 6020
6018 6020 6021
6018 6021 6022
6023 6024 6025
6022 6025 6024
6022 6026 6018
6022 6024 6026
6024 6023 6027
6026 6024 6027
6023 6028 6029
6027 6023 6029
6028 6030 6029
6031 6032 6033
6031 6033 6034
6032 6035 6036
6035 6032 6031
6036 6035 6037
6037 6035 6038
6038 6035 6039
6039 6035 6031
6038 6039 6040
6041 6042 6030
6042 6029 6030
6029 6042 6043
6029 6043 6027
6027 6043 6044
6027 6044 6026
6044 6045 6026
6045 6018 6026
6018 6046 6019
6046 6018 6045
6046 6045 6047
6047 6045 6044
6044 6043 6048
6044 6048 6047
6049 6019 6050
6050 6019 6046
6050 6046 6047
6051 6049 6052
6052 6049 6050
6051 6052 6053
6052 6050 6054
6054 6050 6047
6054 6047 6048
6054 6048 6055
6048 6043 6055
6054 6056 6052
6055 6056 6054
6055 6043 6057
6057 6043 6042
6055 6058 6056
6058 6055 6057
6059 6042 6041
6059 6057 6042
6057 6060 6058
6060 6057 6059
6060 6059 6061
6061 6059 6041
6061 6041 6062
6061 6063 6060
6060 6063 6058
6064 6053 6052
6064 6052 6056
6053 6064 6065
6058 6063 6066
6058 6066 6056
6056 6066 6067
6056 6067 6064
6068 6034 6065
6064 6068 6065
6068 6064 6067
6031 6034 6069
6069 6034 6068
6031 6070 6039
6070 6031 6069
6069 6068 6071
6071 6068 6067
6069 6072 6070
6072 6069 6071
6072 6071 6073
6073 6071 6067
6073 6067 6066
6074 6070 6072
6074 6072 6073
6070 6075 6039
6075 6070 6074
6039 6076 6040
6076 6039 6075
6040 6076 6077
6075 6074 6078
6078 6074 6073
6075 6079 6076
6079 6075 6078
6076 6080 6077
6080 6076 6079
6077 6080 6081
6079 6081 6080
6077 6081 6082
6082 6081 6083
6083 6081 6084
6081 6085 6084
6085 6081 6079
6084 6085 6086
6085 6079 6087
6087 6079 6078
6085 6087 6086
6086 6087 6088
6089 6078 6073
6089 6073 6066
6078 6089 6087
6089 6066 6063
6087 6089 6090
6063 6090 6089
6087 6090 6088
6088 6090 6091
6090 6062 6091
6090 6063 6061
6090 6061 6062
6092 6093 6094
6092 6094 6095
6093 6096 6097
6096 6093 6092
6096 6092 6098
6098 6092 6095
6099 6100 6101
6099 6101 6102
6100 6099 6103
6099 6102 6104
6102 6105 6104
6099 6106 6103
6099 6104 6106
6103 6106 6107
6107 6106 6108
6109 6110 6111
6109 6111 6097
6109 6097 6112
6112 6097 6096
6112 6096 6113
6113 6096 6098
6113 6098 6114
6114 6098 6095
6115 6109 6112
6115 6112 6113
6116 6117 6118
6118 6117 6119
6117 6120 6119
6119 6120 6121
6121 6120 6122
6121 6122 6095
6122 6114 6095
6114 6122 6120
6114 6123 6113
6114 6120 6123
6113 6124 6115
6113 6123 6124
6123 6125 6124
6125 6123 6120
6125 6120 6117
6126 6109 6115
6126 6115 6124
6109 6127 6110
6127 6109 6126
6110 6127 6128
6126 6124 6129
6124 6125 6129
6126 6130 6127
6129 6130 6126
6131 6117 6116
6117 6131 6125
6125 6132 6129
6125 6131 6132
6132 6131 6133
6133 6131 6116
6133 6116 6134
6133 6135 6132
6132 6135 6129
6129 6135 6136
6129 6136 6130
6135 6133 6137
6137 6133 6134
6137 6134 6138
6137 6139 6135
6135 6139 6136
6140 6128 6127
6140 6127 6130
6128 6140 6141
6140 6130 6142
6142 6130 6136
6136 6139 6143
6136 6143 6142
6144 6105 6141
6144 6141 6140
6105 6145 6104
6145 6105 6144
6104 6146 6106
6146 6104 6145
6145 6144 6147
6147 6144 6140
6147 6140 6142
6146 6145 6148
6148 6145 6147
6146 6149 6106
6149 6146 6148
6106 6150 6108
6150 6106 6149
6108 6150 6151
6149 6148 6152
6148 6147 6152
6152 6147 6153
6153 6147 6142
6153 6142 6143
6153 6154 6152
6143 6154 6153
6154 6143 6139
6152 6155 6149
6155 6152 6154
6149 6156 6150
6156 6149 6155
6150 6157 6151
6157 6150 6156
6158 6155 6154
6158 6154 6139
6158 6139 6137
6158 6137 6138
6158 6138 6159
6160 6156 6155
6160 6155 6158
6160 6158 6159
6160 6159 6161
6160 6161 6162
6163 6157 6156
6163 6156 6160
6163 6160 6162
6163 6162 6164
6157 6165 6151
6165 6157 6163
6165 6163 6164
6165 6164 6166
6165 6166 6167
6165 6167 6151
6168 6169 6170
6169 6168 6171
6171 6172 6173
6171 6173 6169
6174 6175 6176
6175 6174 6170
6177 6178 6179
6178 6172 6179
6175 6170 6180
6170 6169 6180
6180 6169 6181
6169 6173 6181
6182 6178 6177
6182 6177 6176
6182 6176 6183
6176 6175 6183
6175 6184 6183
6184 6175 6180
6185 6186 6187
6186 6185 6188
6189 6190 6191
6190 6192 6191
4234 4257 6193
4234 6193 4235
6193 4257 4259
6193 4259 4249
6193 6194 4235
6193 4249 6195
6193 6195 6194
6194 6195 6196
6197 6198 6199
6198 6197 4248
4248 6197 6200
4248 6200 4249
6200 6195 4249
6201 6202 6203
6202 6201 6204
6203 6202 6205
6202 6206 6205
6206 6202 6207
6207 6202 6204
6192 6208 6209
6209 6208 6210
6210 6208 6211
6210 6211 6212
6213 6214 6215
6214 6213 6216
6214 6216 6217
6217 6216 4253
6218 4255 4254
6218 4254 6219
4255 6218 6220
6218 6219 6221
6221 6219 6222
6221 6222 6223
6223 6222 4241
6223 4241 6224
4241 4240 6224
4240 6225 6224
6224 6225 6226
6224 6227 6223
6226 6227 6224
6227 6226 6228
6223 6229 6221
6229 6223 6227
6221 6230 6218
6230 6221 6229
6218 6230 6220
4247 6231 6232
4247 6232 4246
4246 6232 6199
6233 6217 4253
6233 4253 4252
6196 6195 6234
6196 6234 4236
6234 6195 6200
4236 6235 4237
6235 4236 6234
4237 6236 6237
6236 4237 6235
6237 6238 6228
6238 6237 6236
6228 6238 6227
6227 6238 6229
6229 6239 6230
6229 6238 6239
6230 6240 6220
6230 6239 6240
6220 6240 6241
6241 6242 6243
6241 6240 6242
6242 6240 6244
6244 6240 6239
6244 6239 6245
6245 6239 6238
6245 6238 6236
6245 6236 6246
6236 6235 6246
6235 6234 6246
6246 6234 6200
6246 6200 6197
6246 6197 6245
6245 6197 6244
6244 6197 6247
6197 6199 6247
6244 6247 6242
6242 6248 6243
6242 6247 6248
6243 6181 6173
6243 6248 6181
6173 6172 6249
6173 6249 6250
6249 4252 6250
4252 6249 6233
6178 6251 6172
6172 6251 6249
6251 6233 6249
6233 6251 6217
6178 6182 6252
6178 6252 6251
6252 6182 6253
6182 6183 6253
6214 6217 6254
6254 6217 6251
6254 6251 6252
6255 6180 6181
6255 6181 6248
6180 6256 6184
6256 6180 6255
6257 6254 6252
6257 6252 6253
6254 6257 6258
6254 6258 6214
6214 6258 6259
6214 6259 6215
6260 6248 6247
6260 6247 6199
6260 6199 6232
6260 6261 6248
6260 6232 6261
6248 6261 6255
6232 6231 6262
6232 6262 6261
6231 6263 6262
6263 6264 6265
6262 6263 6265
6262 6265 6261
6261 6265 6255
6265 6256 6255
6256 6265 6264
6256 6264 6266
6256 6266 6184
6184 6266 6267
6184 6267 6268
6184 6268 6183
6183 6269 6253
6183 6268 6269
6269 6268 6270
6268 6267 6270
6270 6267 6271
6271 6212 6272
6271 6272 6270
6212 6211 6272
6270 6272 6273
6270 6273 6269
6269 6273 6274
6269 6274 6253
6253 6274 6257
6275 6192 6190
6192 6275 6208
6208 6275 6276
6208 6276 6211
6211 6276 6277
6211 6277 6272
6272 6277 6273
6190 6278 6275
6275 6278 6276
6276 6278 6279
6276 6279 6277
6277 6279 6280
6277 6280 6273
6273 6280 6274
6274 6280 6257
6279 6278 6281
6279 6281 6280
6280 6281 6282
6280 6282 6257
6282 6258 6257
6282 6281 6283
6282 6284 6258
6284 6259 6258
6259 6284 6285
6259 6285 6215
6215 6285 6286
6286 6287 6288
6288 6287 6289
6288 6289 6290
6290 6291 6292
6290 6289 6291
6292 6291 6293
6292 6293 6294
6294 6295 6296
6294 6293 6295
6293 6297 6295
6297 6293 6291
6297 6291 6298
6291 6289 6298
6298 6289 6299
6289 6287 6299
6299 6287 6283
6299 6283 6281
6299 6281 6298
6281 6278 6298
6298 6278 6300
6300 6278 6190
6298 6300 6297
6300 6190 6301
6301 6190 6189
6189 6187 6302
6189 6302 6301
6187 6186 6302
6301 6302 6303
6301 6303 6300
6303 6297 6300
6297 6304 6295
6304 6297 6303
6295 6304 6305
6295 6305 6296
6296 6305 6306
6306 6305 6307
6306 6307 6188
6188 6307 6308
6188 6308 6186
6307 6305 6309
6307 6309 6308
6309 6305 6304
6309 6304 6310
6310 6304 6303
6309 6310 6308
6308 6310 6186
6186 6310 6311
6186 6311 6302
6311 6303 6302
6303 6311 6310
6312 6313 6314
6312 6314 6315
6314 6313 6316
6314 6316 6317
6318 6319 6320
6318 6320 6321
6319 6322 6323
6322 6319 6318
6323 6324 6325
6324 6323 6322
6325 6324 6326
6326 6324 6327
6328 6322 6318
6328 6318 6321
6322 6329 6324
6329 6322 6328
6324 6330 6327
6330 6324 6329
6327 6330 6331
6329 6328 6332
6332 6328 6321
6329 6333 6330
6333 6329 6332
6330 6334 6331
6334 6330 6333
6331 6334 6335
6334 6336 6335
6336 6334 6333
6335 6336 6317
6336 6314 6317
6336 6333 6337
6333 6332 6337
6336 6338 6314
6336 6337 6338
6314 6338 6315
6338 6337 6339
6337 6332 6339
6339 6332 6321
6340 6315 6338
6340 6338 6339
6315 6340 6341
6341 6340 6321
6340 6339 6321
6342 6343 6344
6343 6342 6345
6343 6345 6346
6346 6345 6347
6346 6347 6348
6349 6344 6350
6350 6344 6343
6350 6343 6351
6351 6343 6346
6351 6346 6348
6352 6349 6353
6353 6349 6350
6353 6350 6351
6352 6354 6355
6354 6352 6353
6355 6354 6356
6353 6357 6354
6357 6353 6351
6357 6351 6348
6358 6359 6356
6358 6356 6354
6359 6358 6360
6360 6358 6361
6358 6354 6362
6354 6357 6362
6362 6357 6348
6361 6358 6363
6363 6358 6362
6361 6363 6348
6362 6348 6363
